Chromosome,Start,End,Accessibility_Score
chr5,166574597,166574721,1.4980645161290322
chr14,74432794,74432918,0
chr6,104066364,104066488,0
chr5,54461487,54461611,0
chr1,167321485,167321609,0
chr8,6867168,6867292,0.9116129032258065
chr20,13751428,13751552,0
chr3,46440877,46441001,1.2948387096774194
chr19,18534920,18535044,0
chr12,27585565,27585689,0.72
chr5,81570157,81570281,0.72
chr2,24855382,24855506,0
chr17,17682488,17682612,1.4980645161290322
chr10,117241484,117241608,0
chr9,40097599,40097723,0
chr4,174125119,174125243,0
chr4,24387864,24387988,0
chr3,119773890,119774014,0.72
chr9,103133980,103134104,0
chr3,139168030,139168154,0
chr7,68581732,68581856,0
chr8,78912762,78912886,0.72
chr3,55827164,55827288,0.72
chr16,54105684,54105808,1.3970149253731343
chr10,119989672,119989796,0
chr4,108317446,108317570,0.7199999999999999
chr18,65830676,65830800,0
chr17,31234805,31234929,0
chr5,48408603,48408727,0
chr1,147413745,147413869,0
chr11,89151920,89152044,0
chr1,175198931,175199055,0
chr20,60651432,60651556,0
chr3,124286038,124286162,0
chr12,43439344,43439468,0.72
chr4,87542474,87542598,0
chr14,104232484,104232608,0
chr13,16012597,16012721,0
chr6,49272460,49272584,0
chr12,57971320,57971444,0
chr2,209963286,209963410,0.72
chr19,21535449,21535573,0
chr16,56568202,56568326,0
chr6,78582721,78582845,0.72
chr10,49964534,49964658,0
chr8,70441477,70441601,0
chr1,125098355,125098479,0
chr10,27312140,27312264,0
chr17,1776487,1776611,0
chr3,121216545,121216669,0
chr7,120671673,120671797,0
chr9,7397133,7397257,0
chr20,46306215,46306339,3.6987096774193553
chr4,29877848,29877972,0.72
chr8,73022503,73022627,0
chr21,29633170,29633294,0
chr18,15004016,15004140,0
chr22,20688518,20688642,1.3745454545454545
chr11,56315536,56315660,0
chr17,77082854,77082978,0
chr8,130653880,130654004,0
chr19,53878464,53878588,0
chr5,114800112,114800236,0.72
chr15,60861369,60861493,0.72
chr3,36704274,36704398,0
chr10,117667451,117667575,0
chr7,64476668,64476792,0
chr12,48402506,48402630,0
chr8,144183502,144183626,0
chr1,201101662,201101786,0
chr2,92864945,92865069,0
chr19,4440932,4441056,0.72
chr10,16671696,16671820,0.8999999999999999
chr7,75576269,75576393,0.72
chr14,99814942,99815066,0
chr5,112472365,112472489,0
chr3,144145567,144145691,0.72
chr22,27821604,27821728,0
chr4,187620275,187620399,0
chr4,87634818,87634942,0.72
chr6,91317441,91317565,0
chr6,45861346,45861470,0
chr1,105655487,105655611,0.72
chr1,158598027,158598151,0.72
chr7,95206759,95206883,0
chr1,110751543,110751667,0
chr4,2544604,2544728,0
chr17,48670802,48670926,0
chr4,6581466,6581590,0.72
chr9,61448663,61448787,0
chr5,58775873,58775997,0
chr1,112688057,112688181,0.9754838709677419
chr12,105055386,105055510,0
chr11,79258742,79258866,0
chr16,8229287,8229411,0
chr7,73236287,73236411,0
chr2,232180961,232181085,0
chr13,24235950,24236074,0
chr1,165862312,165862436,0
chr7,158881301,158881425,0.72
chr4,24676801,24676925,0
chr2,70295106,70295230,0
chr16,36854780,36854904,0
chr10,103724248,103724372,0.72
chr18,42272310,42272434,0
chr4,25849923,25850047,0
chr10,6630923,6631047,0.72
chr15,56301638,56301762,0
chr8,87457160,87457284,0
chr1,116492718,116492842,0.72
chr13,73254231,73254355,0
chr3,127469567,127469691,1.4051612903225807
chr2,4479546,4479670,0
chr20,19683497,19683621,0.72
chr22,30079246,30079370,0.8535483870967742
chr11,7658186,7658310,0
chr2,132017839,132017963,0
chr16,58805366,58805490,0
chr10,35379034,35379158,0.72
chr11,64768687,64768811,0.72
chr11,47988441,47988565,1.1787096774193548
chr7,83601412,83601536,0
chr5,122620657,122620781,0.72
chr11,17762153,17762277,0.72
chr14,99382244,99382368,0.72
chr13,64705659,64705783,0
chr2,69105247,69105371,0
chr13,90973135,90973259,0.72
chr5,170249062,170249186,0
chr15,54681922,54682046,0
chr3,125117967,125118091,0
chr2,36752343,36752467,0
chr8,63346110,63346234,0
chr1,170205127,170205251,0.72
chr4,6308816,6308940,0.72
chr13,110645565,110645689,1.0858064516129031
chr2,79028985,79029109,0.72
chr9,125025648,125025772,0.7200000000000001
chr14,46150365,46150489,0.72
chr3,35895940,35896064,0
chr6,25223099,25223223,0
chr14,90357212,90357336,0.7199999999999999
chr5,165582837,165582961,0
chr12,101232446,101232570,0.73
chr6,169320165,169320289,0.72
chr19,39766798,39766922,0.72
chr2,234215455,234215579,0.72
chr9,102651047,102651171,0
chr5,136303539,136303663,0
chr12,22549187,22549311,0
chr14,77319103,77319227,1.701290322580645
chr11,64067850,64067974,0.72
chr5,10618134,10618258,0
chr10,73662605,73662729,0
chr6,13003085,13003209,0
chr11,75209026,75209150,0.7200000000000001
chr3,89123818,89123942,0
chr6,95766856,95766980,0
chr2,89851942,89852066,0
chr2,36591232,36591356,0.7200000000000001
chr12,81823805,81823929,0
chr6,32472745,32472869,1.132258064516129
chr9,117085743,117085867,0
chr4,178712321,178712445,0
chr3,112109451,112109575,2.049677419354839
chr15,18230741,18230865,0
chr5,128647050,128647174,0
chr16,3226258,3226382,0.72
chr1,182496857,182496981,0.72
chr9,125402155,125402279,0
chr13,100878141,100878265,0
chr11,129216062,129216186,0.824516129032258
chr12,92489696,92489820,11.107741935483872
chr5,125217658,125217782,0
chr5,131545561,131545685,0
chr22,38948320,38948444,1.6606451612903226
chr17,5600841,5600965,0
chr1,153354163,153354287,0
chr10,68330784,68330908,0
chr5,10239095,10239219,0
chr7,19922971,19923095,0
chr2,74337234,74337358,0
chr9,67915050,67915174,0
chr16,84077752,84077876,0
chr9,87887283,87887407,1.2774193548387096
chr20,34299431,34299555,0.72
chr16,945560,945684,0.72
chr18,8327562,8327686,0.72
chr14,92582092,92582216,0.72
chr9,115801567,115801691,0
chr2,58773753,58773877,0
chr1,114090860,114090984,0
chr14,22025059,22025183,0.72
chr12,78065227,78065351,0
chr11,87409933,87410057,0
chr8,17815526,17815650,0
chr12,73420210,73420334,0
chr14,45823925,45824049,0
chr4,141851329,141851453,0.7200000000000001
chr7,12602668,12602792,0.72
chr1,117867953,117868077,0
chr13,68341479,68341603,0
chr16,7145373,7145497,0
chr14,63472067,63472191,1.4109677419354838
chr3,6753822,6753946,0
chr13,101563963,101564087,0
chr7,46491807,46491931,0
chr5,21300810,21300934,0
chr4,47311914,47312038,0.72
chr18,54625604,54625728,0
chr22,13810517,13810641,0
chr10,36840788,36840912,0
chr4,138417793,138417917,0
chr13,85828515,85828639,0
chr17,53221395,53221519,0
chr5,3299686,3299810,0.72
chr18,11062804,11062928,0
chr20,2932127,2932251,0.72
chr1,56824847,56824971,0.72
chr14,62859384,62859508,0
chr4,135513,135637,0
chr12,117847315,117847439,0.7706451612903226
chr8,126448663,126448787,0
chr19,1329349,1329473,0.7199999999999999
chr1,34422457,34422581,1.1559633027522935
chr6,21750791,21750915,0
chr8,121358536,121358660,0.7200000000000001
chr7,39821910,39822034,0
chr2,160784506,160784630,0
chr11,35508012,35508136,1.44
chr19,23947066,23947190,0
chr22,41954710,41954834,0
chr4,185487248,185487372,0
chr12,116197611,116197735,0
chr5,106581329,106581453,0
chr12,64364706,64364830,0
chr4,187187620,187187744,0
chr8,136879157,136879281,0
chr22,31933363,31933487,0.72
chr6,57420880,57421004,0.72
chr10,49306805,49306929,0.72
chr6,51664544,51664668,0
chr5,111446031,111446155,0
chr14,94487961,94488085,0
chr12,108574809,108574933,0
chr1,98872031,98872155,0
chr3,2236236,2236360,0.72
chr3,184060046,184060170,0.9087378640776699
chr8,101753676,101753800,1.0858064516129031
chr11,73394590,73394714,0.72
chr16,74752456,74752580,1.0567741935483872
chr6,148270774,148270898,0
chr12,101583423,101583547,0
chr7,8281405,8281529,0
chr12,112162612,112162736,1.110377358490566
chr7,75027918,75028042,0.8419354838709677
chr17,20210370,20210494,1.533913043478261
chr1,119887223,119887347,0
chr7,51231961,51232085,0
chr17,72738382,72738506,1.3010526315789472
chr3,196207871,196207995,0.72
chr7,54720762,54720886,0.72
chr12,3983437,3983561,0
chr13,107143424,107143548,0
chr6,57844176,57844300,0
chr17,48591846,48591970,0.72
chr1,205868464,205868588,0
chr11,72555042,72555166,0
chr10,3334312,3334436,0.7200000000000001
chr6,169762589,169762713,0.72
chr9,110214918,110215042,0
chr2,106104499,106104623,1.3529032258064517
chr12,36924839,36924963,0
chr14,43119065,43119189,0.72
chr3,96264318,96264442,0
chr7,142138655,142138779,0
chr1,84772988,84773112,0.7432258064516128
chr13,22904069,22904193,0
chr6,123517234,123517358,0
chr12,93702569,93702693,0
chr19,26158928,26159052,0
chr2,197196064,197196188,0
chr15,26976933,26977057,0
chr1,21815191,21815315,2.6303225806451613
chr3,138848685,138848809,0
chr1,229372953,229373077,0
chr1,183012759,183012883,0
chr9,112775330,112775454,0
chr16,34957764,34957888,0
chr4,99475134,99475258,0.8361290322580646
chr4,10735895,10736019,0
chr1,209974069,209974193,0
chr12,104839778,104839902,0
chr22,23392174,23392298,0.72
chr2,2411518,2411642,0.72
chr20,35088443,35088567,0
chr1,162592436,162592560,0.72
chr5,74254746,74254870,0.72
chr13,100024858,100024982,0
chr2,92045891,92046015,0
chr1,226028707,226028831,0.72
chr5,80049746,80049870,0
chr4,183765274,183765398,0
chr2,236031206,236031330,0
chr8,96331932,96332056,0
chr20,40755587,40755711,0.7200000000000001
chr10,16027901,16028025,0
chr9,137388233,137388357,0.72
chr7,19312374,19312498,0
chr4,34767372,34767496,1.0911340206185567
chr7,137031314,137031438,0
chr3,138353605,138353729,1.04659793814433
chr6,98071370,98071494,0
chr22,45053924,45054048,0.72
chr6,38010689,38010813,0
chr15,68012754,68012878,0.72
chr2,100855407,100855531,0
chr2,48440530,48440654,29.738387096774204
chr8,103027263,103027387,0.72
chr15,38665000,38665124,0.7345454545454545
chr19,50631625,50631749,0.9174193548387096
chr10,72059506,72059630,0
chr10,80453379,80453503,0.72
chr7,38063945,38064069,0
chr1,153587572,153587696,0.72
chr16,72986230,72986354,0.7854545454545453
chr2,68943619,68943743,3.0600000000000005
chr15,67894233,67894357,0
chr7,33921811,33921935,1.2541935483870967
chr11,24592162,24592286,0
chr7,112693904,112694028,0
chr5,106962135,106962259,0
chr18,45871253,45871377,0.9107692307692308
chr3,132393572,132393696,0
chr1,211565338,211565462,0
chr2,162997058,162997182,0
chr1,30004465,30004589,0
chr9,130125760,130125884,0
chr16,78738752,78738876,0
chr3,122701721,122701845,0.72
chr15,27511605,27511729,0.72
chr12,132926100,132926224,0
chr17,40243191,40243315,0
chr3,127587145,127587269,0.7780645161290322
chr4,112066577,112066701,0
chr13,31045034,31045158,0.72
chr22,14147861,14147985,0
chr12,120712795,120712919,0
chr3,122024987,122025111,0
chr6,76273132,76273256,0
chr3,192370464,192370588,0.72
chr3,34454385,34454509,0
chr5,122915668,122915792,1.695483870967742
chr13,103598033,103598157,0
chr22,32158147,32158271,0
chr7,44923119,44923243,0
chr1,216781712,216781836,0
chr17,8362418,8362542,1.6363636363636365
chr5,59423898,59424022,0
chr1,80142865,80142989,0
chr22,25790938,25791062,0
chr16,4795339,4795463,0.72
chr19,32572642,32572766,0
chr22,26761966,26762090,0
chr1,155376938,155377062,0
chr11,102594172,102594296,0
chr19,37458079,37458203,0
chr8,84572201,84572325,0
chr7,46593410,46593534,0.72
chr7,107568415,107568539,0
chr5,167683293,167683417,0
chr1,241476849,241476973,0
chr4,24538474,24538598,0
chr1,113910055,113910179,0
chr11,51328097,51328221,0
chr2,158314395,158314519,0
chr8,46590710,46590834,0.7199999999999999
chr3,74813224,74813348,0
chr5,4284596,4284720,0
chr18,33518723,33518847,0
chr20,63456226,63456350,0.8070967741935484
chr7,133272684,133272808,0
chr21,32818268,32818392,0.72
chr12,1645438,1645562,0
chr5,108561215,108561339,0.72
chr11,129514721,129514845,0
chr4,130512109,130512233,0.72
chr10,16862493,16862617,0
chr1,113530728,113530852,0
chr2,194014816,194014940,0
chr2,239432973,239433097,0.72
chr17,59171358,59171482,0.72
chr6,109194508,109194632,0
chr7,3707820,3707944,0
chr18,5259770,5259894,0
chr1,152671424,152671548,0.72
chr21,42267389,42267513,0
chr4,86895105,86895229,0
chr6,108944978,108945102,0
chr11,14906643,14906767,0.72
chr2,151508465,151508589,0.72
chr1,3256475,3256599,0
chr4,140214891,140215015,0
chr4,28674811,28674935,1.0755555555555556
chr4,116746170,116746294,0
chr6,55932377,55932501,0.72
chr2,240653245,240653369,0
chr17,18077327,18077451,0.72
chr20,19586777,19586901,0.72
chr6,1734179,1734303,0
chr16,63512019,63512143,0
chr14,48503752,48503876,0.7199999999999999
chr17,40509775,40509899,1.306451612903226
chr1,7983036,7983160,0
chr1,23337609,23337733,0.795483870967742
chr10,87364485,87364609,0
chr12,97000939,97001063,0
chr11,39920999,39921123,0
chr18,79368565,79368689,0
chr12,52218130,52218254,0.72
chr2,51892171,51892295,0
chr2,143802559,143802683,1.416774193548387
chr8,117707040,117707164,1.1765853658536585
chr7,140020278,140020402,0
chr15,76491836,76491960,0
chr5,101223462,101223586,0
chr2,77045586,77045710,1.6316129032258069
chr7,32313239,32313363,0
chr7,112625378,112625502,0
chr16,75460289,75460413,0.72
chr7,151725568,151725692,0.72
chr6,116611772,116611896,0
chr3,29249618,29249742,0
chr1,123316161,123316285,0
chr4,23573277,23573401,0.72
chr8,94306723,94306847,0
chr6,18637991,18638115,0
chr12,37456314,37456438,0
chr5,28039907,28040031,0
chr1,71890405,71890529,0
chr20,12046447,12046571,0
chr1,48044042,48044166,0
chr9,2984530,2984654,0.72
chr2,234486575,234486699,0
chr7,89789116,89789240,0
chr8,1947175,1947299,0.72
chr1,231778843,231778967,0
chr17,38592553,38592677,1.5600000000000003
chr7,89814737,89814861,0
chr2,40937668,40937792,0
chr3,127887458,127887582,1.2367741935483871
chr9,127091746,127091870,0.72
chr7,158121690,158121814,0
chr21,15586679,15586803,0
chr12,13694896,13695020,0.72
chr22,28964873,28964997,0
chr7,17622423,17622547,0
chr18,63633809,63633933,0
chr4,165755670,165755794,0
chr2,213856681,213856805,0.72
chr14,58310367,58310491,2.049677419354839
chr5,139494803,139494927,1.1438709677419356
chr7,28903760,28903884,0
chr10,69091041,69091165,0.72
chr2,115998871,115998995,0
chr7,41865257,41865381,0
chr17,43654517,43654641,0.72
chr8,49484387,49484511,0.8303225806451613
chr6,142022122,142022246,0.72
chr9,33642265,33642389,0
chr15,52383668,52383792,0
chr7,94776636,94776760,0
chr14,66412730,66412854,0
chr7,7826166,7826290,0
chr6,4482586,4482710,0
chr2,199033145,199033269,0
chr4,128295796,128295920,0
chr7,11377572,11377696,0
chr7,159108117,159108241,0
chr12,105338262,105338386,0
chr16,32468890,32469014,0
chr13,109857546,109857670,0
chr5,128593847,128593971,0
chr6,971849,971973,0.72
chr21,40866091,40866215,0.72
chr14,22389902,22390026,0.72
chr15,48942726,48942850,0
chr6,24771271,24771395,1.843448275862069
chr18,47113932,47114056,0
chr9,34875076,34875200,0
chr19,2239881,2240005,2.479354838709678
chr3,106097133,106097257,0
chr7,73830670,73830794,0.7199999999999999
chr5,59794863,59794987,1.44
chr1,216025609,216025733,0
chr2,117590821,117590945,0
chr13,20483376,20483500,0
chr2,228945046,228945170,0
chr2,121270739,121270863,0
chr7,42205369,42205493,0.7200000000000001
chr3,131003978,131004102,0
chr7,112794337,112794461,0
chr18,11536664,11536788,0
chr18,39843364,39843488,0.72
chr10,57386979,57387103,0
chr2,212367295,212367419,0
chr20,47298861,47298985,0
chr5,139607883,139608007,0
chr18,68514773,68514897,0
chr5,128814548,128814672,0.7200000000000001
chr6,121387839,121387963,0
chr12,42544424,42544548,0.72
chr2,176297364,176297488,0
chr22,12286766,12286890,0
chr2,93328016,93328140,0
chr3,57537282,57537406,0
chr16,20093069,20093193,0
chr10,71679895,71680019,1.2832258064516129
chr19,19261430,19261554,0.9290322580645161
chr9,136857972,136858096,1.689677419354839
chr16,88749461,88749585,2.525806451612903
chr5,35543640,35543764,0
chr8,58163347,58163471,0
chr16,8563555,8563679,0.72
chr16,8562090,8562214,0
chr19,38920981,38921105,0.72
chr8,12755301,12755425,3.483870967741936
chr18,51722105,51722229,0
chr3,80693460,80693584,0.72
chr7,137226348,137226472,0.72
chr22,47099906,47100030,0.72
chr10,1714412,1714536,0
chr22,27662386,27662510,2.055483870967742
chr7,4928449,4928573,0
chr15,70076933,70077057,0.72
chr3,193241269,193241393,0.72
chr17,79452859,79452983,1.4886486486486485
chr4,180075165,180075289,0
chr17,43045324,43045448,0
chr4,24901525,24901649,0
chr22,46374891,46375015,0
chr18,79787920,79788044,0
chr8,10715200,10715324,0
chr18,5543426,5543550,0
chr1,54262705,54262829,0.72
chr11,70493930,70494054,1.361095890410959
chr15,78438707,78438831,0.9812903225806451
chr12,17781779,17781903,0
chr14,103131731,103131855,1.776774193548387
chr10,133747178,133747302,0
chr20,49520127,49520251,0.72
chr5,88106619,88106743,0
chr4,1074036,1074160,0
chr8,66541839,66541963,1.2053932584269662
chr7,132518832,132518956,0.72
chr15,77034296,77034420,1.2774193548387096
chr19,33470103,33470227,0.72
chr8,140259083,140259207,0
chr7,4725469,4725593,26.771370967741944
chr13,54800339,54800463,0.7838709677419354
chr1,55623430,55623554,0
chr3,41508693,41508817,0
chr19,19182985,19183109,0.72
chr5,177441794,177441918,0
chr5,153686387,153686511,1.353333333333333
chr2,187089684,187089808,0
chr7,21089783,21089907,0
chr2,150166950,150167074,0.824516129032258
chr8,134023100,134023224,0
chr2,30069724,30069848,0.72
chr17,64372631,64372755,0
chr4,102947242,102947366,0
chr1,184288759,184288883,0.7200000000000001
chr6,130474096,130474220,15.081612903225814
chr2,157482730,157482854,0.72
chr2,96251797,96251921,27.166774193548395
chr18,8788631,8788755,0.72
chr5,149954189,149954313,0.72
chr16,32669898,32670022,0
chr6,63137271,63137395,0.72
chr10,62677843,62677967,0
chr20,61291640,61291764,0
chr6,46823175,46823299,4.790322580645161
chr18,5894999,5895123,0
chr3,161108913,161109037,17.587096774193547
chr16,27702713,27702837,0.8336842105263158
chr8,84444864,84444988,0
chr9,88786843,88786967,0
chr13,45083682,45083806,0
chr3,130026475,130026599,0
chr2,70512119,70512243,0.72
chr1,92892283,92892407,0
chr7,125312382,125312506,0
chr8,141049475,141049599,0
chr1,69695968,69696092,0
chr19,53056116,53056240,1.169108910891089
chr18,76874564,76874688,0
chr3,32107994,32108118,0
chr7,74889436,74889560,0
chr10,132054495,132054619,1.1127272727272728
chr2,227707157,227707281,0.72
chr7,116914249,116914373,0.72
chr16,30940016,30940140,0
chr19,54693488,54693612,0.9987096774193547
chr1,161045299,161045423,7.031612903225808
chr4,1265766,1265890,0
chr19,17371810,17371934,0
chr9,2134542,2134666,0.72
chr6,169266108,169266232,0.8709677419354838
chr7,92189395,92189519,0
chr16,10093173,10093297,0.72
chr2,135734464,135734588,0
chr11,62945448,62945572,0
chr8,137282544,137282668,0
chr20,38929108,38929232,3.547741935483871
chr5,175820738,175820862,2.5490322580645164
chr9,39145676,39145800,0
chr19,5515000,5515124,0
chr7,151056546,151056670,1.329230769230769
chr10,116658413,116658537,1.6083870967741936
chr3,45301953,45302077,0
chr5,139244412,139244536,0
chr5,133595740,133595864,0
chr4,8785196,8785320,3.1122580645161295
chr7,41236859,41236983,0
chr7,35612566,35612690,0
chr4,22891391,22891515,0
chr8,101484662,101484786,0
chr12,6526972,6527096,0
chr5,152251224,152251348,0.72
chr14,99545125,99545249,0.72
chr9,41598718,41598842,0
chr12,19640123,19640247,0.72
chr2,25265375,25265499,0.7199999999999999
chr17,74752372,74752496,0
chr7,131959720,131959844,0.72
chr5,132071820,132071944,1.462736842105263
chr17,33964436,33964560,0
chr1,206165444,206165568,0
chr6,4350103,4350227,0
chr2,109138010,109138134,0.72
chr4,8304942,8305066,0.72
chr2,89531429,89531553,0
chr3,129608038,129608162,1.4283870967741934
chr1,64837004,64837128,0
chr19,12911038,12911162,0
chr19,43448750,43448874,0
chr19,15393685,15393809,0
chr16,10794834,10794958,0.72
chr20,18998308,18998432,0
chr1,109461432,109461556,0
chr9,101178181,101178305,0
chr3,46965936,46966060,0.72
chr20,36312284,36312408,0.72
chr21,9770398,9770522,0
chr22,27508401,27508525,2.258709677419355
chr8,48697473,48697597,0
chr19,54297913,54298037,0.7199999999999999
chr11,125188761,125188885,0
chr3,176443850,176443974,0
chr20,1293961,1294085,0
chr2,36479678,36479802,0.72
chr12,73511083,73511207,0
chr3,51700433,51700557,0.99
chr2,229139018,229139142,0
chr8,75756420,75756544,0.72
chr7,2503655,2503779,1.5154838709677418
chr19,40244689,40244813,0
chr14,74741991,74742115,0.9696774193548388
chr11,48526215,48526339,0
chr1,96261670,96261794,0
chr4,66381839,66381963,0
chr21,44198467,44198591,0
chr12,4600883,4601007,0.72
chr7,122865563,122865687,0.72
chr2,9782576,9782700,0.72
chr4,74213096,74213220,0
chr6,119820092,119820216,0.72
chr18,65781867,65781991,0
chr22,44335879,44336003,0.72
chr10,41905858,41905982,0.72
chr7,2969983,2970107,0.72
chr1,11465179,11465303,0
chr16,6966805,6966929,0
chr10,106342809,106342933,0
chr9,89325755,89325879,0
chr8,71619528,71619652,0
chr4,46311446,46311570,0
chr3,130567873,130567997,0
chr2,87726163,87726287,0
chr1,988496,988620,0
chr9,113499777,113499901,0.72
chr4,64347625,64347749,0.72
chr10,96626909,96627033,0.72
chr19,49339143,49339267,2.2006451612903226
chr10,48469130,48469254,0
chr3,21387481,21387605,0.9870967741935485
chr4,148798741,148798865,0
chr8,144426030,144426154,0.7555555555555555
chr19,3104381,3104505,1.0944
chr10,1409872,1409996,0
chr5,132486174,132486298,1.9393548387096775
chr4,178557988,178558112,0.72
chr21,31566690,31566814,0.72
chr11,77130363,77130487,0
chr4,184939002,184939126,0
chr5,60609503,60609627,0.72
chr8,27545294,27545418,0
chr14,75354817,75354941,0.72
chr1,79142048,79142172,0
chr12,132250639,132250763,0
chr18,57436059,57436183,0
chr10,112908291,112908415,0.72
chr15,31132380,31132504,0
chr1,113022721,113022845,0
chr3,50302365,50302489,0.7200000000000001
chr14,104682202,104682326,3.7683870967741937
chr8,144890499,144890623,0.72
chr9,69287271,69287395,0
chr8,2336872,2336996,0
chr10,111083741,111083865,1.3819354838709677
chr9,129353269,129353393,0.7817142857142857
chr17,60946776,60946900,0.72
chr4,6733508,6733632,0
chr11,62545470,62545594,7.41483870967742
chr3,42705954,42706078,0.72
chr15,27701646,27701770,0
chr19,49338701,49338825,1.6838709677419357
chr22,33881256,33881380,0
chr2,203440279,203440403,0.72
chr16,30534861,30534985,4.558064516129033
chr13,49140239,49140363,0
chr1,145764841,145764965,0
chr17,80968070,80968194,1.6606451612903226
chr11,130546966,130547090,0
chr4,8193788,8193912,6.869032258064518
chr6,43784515,43784639,0.72
chr9,65387132,65387256,0
chr16,28496713,28496837,1.8696774193548387
chr2,230305920,230306044,0.9983193277310923
chr12,1827374,1827498,0.72
chr4,50846333,50846457,0
chr1,119631680,119631804,6.944516129032259
chr9,124503046,124503170,0
chr12,132530368,132530492,1.4209677419354838
chr12,44595427,44595551,0
chr15,29464881,29465005,0
chr7,72991397,72991521,0
chr7,2426748,2426872,0
chr3,9175891,9176015,0
chr12,52255640,52255764,0.72
chr4,9963926,9964050,0.7200000000000001
chr1,194541437,194541561,0
chr7,105817741,105817865,0
chr3,158878936,158879060,0.72
chr3,131424724,131424848,0
chr1,158132407,158132531,0
chr22,24525616,24525740,5.138709677419354
chr7,56482075,56482199,0
chr9,1730549,1730673,0
chr6,24953292,24953416,0.72
chr16,14819162,14819286,0
chr7,113791882,113792006,0
chr12,12934185,12934309,0.72
chr1,154093319,154093443,0.72
chr4,108283748,108283872,0
chr3,69709910,69710034,0
chr6,102874490,102874614,0.72
chr3,43557387,43557511,0
chr12,17799726,17799850,0.72
chr17,51626795,51626919,0
chr5,172415335,172415459,0.8129032258064516
chr3,66421516,66421640,0
chr5,10489494,10489618,0.72
chr4,171169537,171169661,0.72
chr11,18478750,18478874,0
chr5,20593048,20593172,0
chr18,52007127,52007251,0
chr20,61602691,61602815,0.72
chr5,154695472,154695596,0
chr20,34549353,34549477,1.5387096774193547
chr7,67471604,67471728,0.72
chr9,72824046,72824170,0
chr4,49142049,49142173,0
chr6,165735021,165735145,0
chr21,10689480,10689604,0
chr21,10728769,10728893,0.7200000000000001
chr17,21970482,21970606,0
chr10,38856508,38856632,0
chr21,43284234,43284358,0
chr12,94503503,94503627,1.364516129032258
chr19,16754570,16754694,0.72
chr4,38622795,38622919,0.72
chr7,45432591,45432715,0
chr10,1795403,1795527,0
chr7,69982457,69982581,0
chr2,9734121,9734245,0.72
chr2,230993389,230993513,0
chr16,8134830,8134954,0
chr11,43609529,43609653,0.72
chr12,84573351,84573475,0
chr13,18590458,18590582,0
chr12,94268393,94268517,1.3856603773584906
chr1,42797400,42797524,0
chr15,41580260,41580384,0
chr8,66275487,66275611,0
chr9,1534364,1534488,0
chr2,202440412,202440536,0
chr22,20138322,20138446,0.72
chr21,23379339,23379463,0
chr8,139060514,139060638,0
chr6,84666114,84666238,1.3470967741935485
chr22,11252213,11252337,0
chr4,81251586,81251710,0
chr20,23164743,23164867,0
chr4,106539423,106539547,0
chr6,127423557,127423681,0
chr8,133557487,133557611,0.8012903225806451
chr1,46425621,46425745,2.8103225806451615
chr17,48593931,48594055,5.295483870967742
chr13,22456288,22456412,0
chr17,62294,62418,0
chr9,131564401,131564525,0.72
chr4,1346267,1346391,1.4051612903225807
chr16,85496911,85497035,0
chr12,122767784,122767908,0
chr5,6896546,6896670,0
chr17,75202526,75202650,0.9754838709677419
chr16,62831707,62831831,0
chr19,1054769,1054893,1.567741935483871
chr22,38730701,38730825,2.2470967741935484
chr22,47202352,47202476,2.200645161290323
chr19,34577845,34577969,1.2948387096774192
chr4,108651304,108651428,1.7187096774193549
chr4,43661633,43661757,0.72
chr12,131610815,131610939,0.73
chr2,32853201,32853325,1.0509677419354837
chr14,86519150,86519274,0
chr17,11794247,11794371,0
chr12,99920536,99920660,0
chr7,71401259,71401383,0
chr17,14281214,14281338,0.72
chr10,116239189,116239313,0
chr1,202582074,202582198,0
chr5,137643040,137643164,0
chr5,7797688,7797812,0.72
chr9,95782975,95783099,1.0916129032258064
chr14,73417780,73417904,0
chr4,8873871,8873995,0.72
chr21,42214860,42214984,0
chr13,66484218,66484342,1.0107692307692309
chr2,181828737,181828861,0.72
chr19,42608904,42609028,0
chr10,22613034,22613158,0
chr2,70039278,70039402,0.72
chr21,35852233,35852357,0.72
chr3,18721909,18722033,0
chr2,161739107,161739231,0
chr4,81749330,81749454,0
chr7,149299271,149299395,0
chr2,199508007,199508131,0
chr11,97048625,97048749,0
chr3,44974782,44974906,0
chr5,77368340,77368464,0.993103448275862
chr22,46500836,46500960,0
chr7,26201533,26201657,4.796129032258063
chr14,32841953,32842077,0
chr1,156394532,156394656,0.7200000000000001
chr8,55110326,55110450,0.72
chr22,45278784,45278908,0
chr6,168914341,168914465,1.6753846153846155
chr2,219453575,219453699,4.976129032258066
chr6,36686742,36686866,0
chr10,93161044,93161168,13.676209677419356
chr20,60253428,60253552,0.9174193548387096
chr19,14155101,14155225,0
chr8,138669159,138669283,0.72
chr10,4265353,4265477,0
chr9,133694518,133694642,2.032258064516129
chr2,53634988,53635112,0
chr13,28456657,28456781,0
chr12,21000728,21000852,0
chr10,57787043,57787167,0
chr2,226686272,226686396,0
chr7,14740035,14740159,0.72
chr20,53072944,53073068,0
chr11,27335657,27335781,0
chr7,28492259,28492383,0
chr9,129320988,129321112,0
chr4,89985529,89985653,0
chr16,28101169,28101293,0.72
chr14,78796266,78796390,0.72
chr18,4096271,4096395,0
chr11,88780424,88780548,0
chr1,14143301,14143425,0.7200000000000001
chr21,29344413,29344537,0
chr5,157855942,157856066,0
chr4,8907945,8908069,0.72
chr13,109191905,109192029,0
chr14,67366100,67366224,0.72
chr5,164132725,164132849,0
chr6,111994002,111994126,0.72
chr3,196702536,196702660,0
chr9,103127830,103127954,0.72
chr4,48360077,48360201,0
chr15,46875219,46875343,0
chr2,86037505,86037629,4.012258064516129
chr18,19985462,19985586,0
chr9,123823234,123823358,0.72
chr8,107589851,107589975,0.72
chr21,31942153,31942277,0
chr20,56146763,56146887,0
chr16,85785562,85785686,3.1529032258064515
chr5,83563450,83563574,0
chr1,32259415,32259539,0
chr2,103829760,103829884,0
chr5,134250934,134251058,0
chr18,50774556,50774680,0.72
chr20,9241788,9241912,6.532258064516131
chr17,55764510,55764634,0.72
chr12,13898106,13898230,0
chr7,60069686,60069810,0
chr20,1165183,1165307,0.72
chr8,33692597,33692721,1.2631578947368418
chr12,66944245,66944369,0.72
chr8,45706623,45706747,0
chr10,72219615,72219739,0.7199999999999999
chr1,234236152,234236276,0.72
chr20,19616018,19616142,0
chr8,3774958,3775082,0
chr7,105421233,105421357,0
chr1,244348109,244348233,5.27225806451613
chr2,182095723,182095847,0
chr9,105868671,105868795,0.72
chr4,53677327,53677451,0
chr6,147967480,147967604,1.178181818181818
chr17,3310405,3310529,0.72
chr11,120810429,120810553,0.72
chr13,49441428,49441552,0
chr22,46993081,46993205,0.7274226804123711
chr11,68729247,68729371,0
chr10,124387700,124387824,0.72
chr8,602863,602987,2.1832258064516132
chr2,130893456,130893580,0
chr2,7621978,7622102,0
chr15,99130356,99130480,8.558709677419358
chr2,96054657,96054781,0
chr14,73501713,73501837,0
chr5,96079176,96079300,15.432500000000003
chr19,32018580,32018704,0.72
chr17,39552830,39552954,0.72
chr2,73029696,73029820,0.72
chr2,178792643,178792767,0
chr2,1958278,1958402,0
chr2,1035265,1035389,0
chr17,66944064,66944188,0.8478504672897197
chr16,66546049,66546173,0.72
chr17,41413078,41413202,0.72
chr21,15754467,15754591,0.72
chr1,205223820,205223944,0
chr4,82662286,82662410,0
chr1,205014974,205015098,0.7377777777777778
chr3,48914941,48915065,0
chr9,137131109,137131233,0
chr16,532113,532237,0
chr8,143431040,143431164,2.4561290322580644
chr1,225848740,225848864,1.155483870967742
chr6,73628510,73628634,0.72
chr22,50120556,50120680,0
chr15,58836255,58836379,0
chr21,7923723,7923847,0.7199999999999999
chr10,38804618,38804742,0.72
chr4,49108869,49108993,1.44
chr1,30477351,30477475,2.16
chr17,7417550,7417674,0.72
chr1,228555696,228555820,0
chr14,74633867,74633991,1.2023300970873785
chr6,13853809,13853933,0
chr11,1342970,1343094,0
chr7,36949272,36949396,0.8039999999999999
chr12,94954273,94954397,28.211935483870977
chr16,775785,775909,0.72
chr16,57262939,57263063,1.3238709677419354
chr14,75540738,75540862,0
chr19,49426174,49426298,0.72
chr1,94589864,94589988,0.72
chr6,31078970,31079094,0
chr3,55266913,55267037,0
chr1,166989584,166989708,0
chr17,44147815,44147939,1.3412903225806452
chr13,24835104,24835228,1.12141592920354
chr6,19352756,19352880,0
chr19,10136547,10136671,0
chr6,119417642,119417766,0
chr2,12740393,12740517,1.2716129032258066
chr13,109933866,109933990,0.72
chr19,33529690,33529814,0.9788764044943822
chr17,62270955,62271079,0
chr2,239189726,239189850,0.72
chr13,45485652,45485776,0
chr7,812265,812389,0
chr20,46346248,46346372,0.72
chr3,44982371,44982495,0.72
chr16,6378273,6378397,0.72
chr6,167908004,167908128,0
chr8,115221592,115221716,0.72
chr4,129118087,129118211,0.72
chr20,44069859,44069983,1.5212903225806451
chr1,35747183,35747307,0
chr12,49331147,49331271,0.952258064516129
chr10,27983,28107,0
chr7,117744687,117744811,0
chr4,4844799,4844923,0.72
chr10,71174097,71174221,0.72
chr1,1560301,1560425,0.915
chr6,3758466,3758590,0
chr1,1242524,1242648,0.72
chr17,36464660,36464784,1.0393548387096774
chr8,124958337,124958461,0.72
chr7,11957770,11957894,2.3574193548387097
chr3,13567994,13568118,0.72
chr20,17751227,17751351,0.72
chr16,21835580,21835704,0
chr18,74257830,74257954,0
chr8,46616900,46617024,0.72
chr1,2655281,2655405,0
chr4,183659089,183659213,21.972338709677423
chr6,74340097,74340221,0
chr11,120790654,120790778,0
chr7,135968606,135968730,0
chr9,108216891,108217015,0
chr9,5619731,5619855,0
chr4,54190206,54190330,0
chr13,56100810,56100934,0
chr2,241306614,241306738,1.3114285714285716
chr16,26348821,26348945,0.72
chr9,42258931,42259055,0
chr8,41651115,41651239,1.4283870967741936
chr16,65575055,65575179,0
chr1,193395383,193395507,1.3043478260869565
chr1,87968786,87968910,0.7200000000000001
chr22,21439115,21439239,0
chr7,97993551,97993675,0
chr19,4078421,4078545,1.4241758241758242
chr17,4967842,4967966,16.618064516129035
chr1,31728416,31728540,0
chr13,24746032,24746156,0
chr17,44524401,44524525,0
chr7,2725253,2725377,0
chr5,1593596,1593720,0
chr7,3216850,3216974,0.9511111111111112
chr10,102419195,102419319,0
chr10,89416008,89416132,0
chr3,43172226,43172350,0.72
chr2,219386282,219386406,1.9701818181818183
chr11,111879381,111879505,6.009677419354839
chr3,150791660,150791784,0.72
chr2,10011054,10011178,0
chr22,25179400,25179524,0
chr12,31523259,31523383,0
chr8,103007070,103007194,0.72
chr11,75557239,75557363,0
chr4,185828166,185828290,0.72
chr3,67558523,67558647,0
chr22,37981326,37981450,0.8767741935483871
chr15,70448487,70448611,1.1781818181818178
chr6,47358085,47358209,0
chr11,15837368,15837492,0
chr18,2498383,2498507,0
chr6,112972464,112972588,0
chr7,150710256,150710380,0
chr6,152932549,152932673,0.72
chr11,18140247,18140371,0
chr19,1949649,1949773,0.72
chr1,205004068,205004192,0.72
chr5,49650385,49650509,0
chr15,77544433,77544557,0
chr18,21181896,21182020,0.72
chr3,42348469,42348593,0
chr21,33033470,33033594,2.16
chr5,94843912,94844036,0
chr7,123357596,123357720,0
chr2,230800922,230801046,1.0335483870967743
chr14,67461877,67462001,0.72
chr9,42329630,42329754,0
chr15,91752337,91752461,1.1496774193548387
chr18,4783032,4783156,0.72
chr5,102931189,102931313,0.7200000000000001
chr3,178049351,178049475,0
chr3,61979798,61979922,0.8651612903225806
chr21,37680197,37680321,0.72
chr5,71259429,71259553,0
chr22,20762930,20763054,0
chr21,35787951,35788075,0
chr1,118191849,118191973,0
chr17,28260386,28260510,0
chr11,63175093,63175217,0
chr6,139536902,139537026,0
chr18,49986614,49986738,0
chr3,56859593,56859717,0
chr4,122659632,122659756,0
chr5,111436802,111436926,0
chr13,81317550,81317674,0
chr21,41148910,41149034,0
chr7,86861102,86861226,0
chr2,131990872,131990996,0
chr12,121303719,121303843,0.866216216216216
chr17,29009675,29009799,1.4051612903225807
chr15,84035091,84035215,0.9174193548387096
chr6,104122593,104122717,0.72
chr6,40223959,40224083,0
chr19,12293863,12293987,1.2302912621359223
chr16,21820548,21820672,1.5670588235294118
chr6,86812502,86812626,0
chr22,28963073,28963197,0.72
chr13,29496997,29497121,0.72
chr7,75341475,75341599,0
chr22,43786545,43786669,0.72
chr17,42260541,42260665,0
chr8,979321,979445,0.72
chr10,79199627,79199751,0.72
chr18,78711671,78711795,0
chr3,54156687,54156811,0
chr4,14075724,14075848,0.7200000000000001
chr2,125751908,125752032,0
chr7,151812718,151812842,1.0921348314606742
chr18,50423670,50423794,0
chr7,151356101,151356225,0.72
chr5,11313761,11313885,0.72
chr20,3604832,3604956,0.72
chr20,827951,828075,0
chr11,96073422,96073546,0.72
chr7,158821636,158821760,0.72
chr5,179881404,179881528,0.72
chr5,25381005,25381129,0
chr1,1077758,1077882,0
chr16,24882115,24882239,1.352903225806452
chr15,65909166,65909290,1.7883870967741937
chr8,69322293,69322417,0.72
chr18,5999706,5999830,0
chr7,2977052,2977176,0.72
chr2,167429613,167429737,0
chr8,29497613,29497737,0.72
chr4,16767686,16767810,0
chr6,25403476,25403600,0.9870967741935484
chr16,26725970,26726094,1.056774193548387
chr17,62301295,62301419,0.72
chr8,37358787,37358911,0
chr22,25246061,25246185,0.72
chr4,120972005,120972129,0.72
chr1,9989100,9989224,0.72
chr2,31970698,31970822,0
chr9,93919565,93919689,0
chr8,33273373,33273497,2.5199999999999996
chr1,54955939,54956063,0
chr12,3914371,3914495,0
chr15,26769481,26769605,0
chr11,5879841,5879965,0
chr3,89806296,89806420,0
chr2,229469419,229469543,1.6083870967741936
chr15,87517484,87517608,0
chr1,19226144,19226268,0.72
chr2,45183135,45183259,0.72
chr12,123729454,123729578,0
chr10,100842754,100842878,0
chr1,41914069,41914193,0
chr22,20392227,20392351,0
chr2,42369626,42369750,0.7199999999999999
chr2,235165332,235165456,0.72
chr8,141847026,141847150,1.44
chr11,58906107,58906231,1.283225806451613
chr17,35125925,35126049,0.72
chr9,3924474,3924598,0
chr16,67820798,67820922,0.72
chr19,22722059,22722183,0
chr6,58691376,58691500,0
chr6,57327773,57327897,0
chr3,194868943,194869067,0.8115254237288135
chr1,86303818,86303942,0.72
chr6,26507535,26507659,0
chr3,146138942,146139066,3.2167741935483876
chr13,34042121,34042245,0.72
chr7,67717689,67717813,0.72
chr12,98049475,98049599,1.1770967741935483
chr3,186412420,186412544,0.8980645161290323
chr1,181587906,181588030,0.9870967741935484
chr7,101893966,101894090,0
chr19,24255864,24255988,0.72
chr9,93615645,93615769,1.1719148936170214
chr1,37690696,37690820,9.667822580645161
chr12,67356985,67357109,0
chr9,85560114,85560238,0
chr11,21085385,21085509,0
chr12,62581730,62581854,3.2225806451612904
chr8,52740239,52740363,0
chr16,86213197,86213321,1.5561290322580643
chr9,114062349,114062473,0
chr16,25292213,25292337,0
chr15,42801347,42801471,0.783157894736842
chr7,5594739,5594863,2.3167741935483868
chr13,36652462,36652586,0.72
chr9,89412753,89412877,0.72
chr19,29042502,29042626,0
chr7,33058373,33058497,0
chr3,168654807,168654931,0.8150943396226416
chr19,9351451,9351575,0
chr10,113262767,113262891,1.1625688073394493
chr11,33282220,33282344,0
chr6,117633297,117633421,0
chr1,29471168,29471292,1.0533333333333332
chr3,66072017,66072141,0.72
chr10,109667193,109667317,0
chr1,46846378,46846502,0
chr10,98577678,98577802,0
chr7,26525334,26525458,0.7199999999999999
chr5,168649538,168649662,0.9741176470588235
chr6,33171621,33171745,1.3064516129032258
chr6,78566830,78566954,0
chr22,37215655,37215779,0.795483870967742
chr1,71118210,71118334,0
chr5,68770856,68770980,0.7199999999999999
chr15,19168656,19168780,0
chr15,32482016,32482140,0
chr7,47546819,47546943,0
chr5,31929232,31929356,3.7277419354838712
chr10,31074913,31075037,0
chr3,19379086,19379210,0
chr1,247934126,247934250,0.72
chr15,36348870,36348994,0
chr8,139260606,139260730,0
chr16,48859376,48859500,0
chr15,80032109,80032233,0.72
chr7,43226640,43226764,0.72
chr6,96010701,96010825,0
chr10,17939361,17939485,0.72
chr13,104326446,104326570,0
chr12,25010641,25010765,0
chr18,21479949,21480073,0.72
chr15,66334127,66334251,0
chr6,70890373,70890497,0.72
chr6,155332350,155332474,0.72
chr5,22974932,22975056,0
chr1,76425139,76425263,1.1275471698113206
chr11,134439047,134439171,0
chr16,13234574,13234698,0
chr16,17282449,17282573,0
chr10,78696143,78696267,0
chr12,120973543,120973667,0
chr12,57907495,57907619,0.72
chr3,29798618,29798742,0
chr2,157940262,157940386,0.72
chr3,185963962,185964086,0
chr5,41825244,41825368,2.005233644859813
chr6,125188207,125188331,0.72
chr14,96210793,96210917,0
chr2,119473860,119473984,0
chr7,6242554,6242678,0.72
chr16,87184891,87185015,0
chr9,67338243,67338367,0
chr14,94712090,94712214,0.9737704918032786
chr7,39159088,39159212,0
chr4,14080921,14081045,0.8458252427184466
chr12,13444405,13444529,0
chr2,126883054,126883178,0.72
chr22,19383440,19383564,0
chr10,52251427,52251551,0
chr9,122216341,122216465,0.7200000000000001
chr2,205889573,205889697,2.1832258064516137
chr15,29515430,29515554,0
chr13,34153711,34153835,0
chr6,24421205,24421329,0
chr1,225113515,225113639,0.72
chr16,62669545,62669669,0
chr10,35791827,35791951,0.72
chr20,54185077,54185201,0.72
chr11,8965525,8965649,0
chr3,136038462,136038586,0.72
chr1,246555520,246555644,0.7778571428571427
chr3,128267168,128267292,0.9058064516129032
chr17,5554529,5554653,0
chr10,110562818,110562942,0
chr10,47427700,47427824,0.7266055045871559
chr2,189318949,189319073,2.84697247706422
chr3,17585425,17585549,0
chr2,5378429,5378553,0
chr6,88691518,88691642,0
chr21,7773556,7773680,0
chr3,99615932,99616056,0
chr1,214996885,214997009,0
chr5,180407731,180407855,0.72
chr19,17875091,17875215,0
chr4,13349718,13349842,0.72
chr12,43011763,43011887,1.033548387096774
chr15,88101157,88101281,0
chr5,49782477,49782601,0
chr11,62083997,62084121,0
chr12,101674628,101674752,0
chr7,22391042,22391166,0.72
chr19,2252883,2253007,1.8232258064516131
chr5,65364568,65364692,1.416774193548387
chr10,128859756,128859880,0.72
chr20,55550935,55551059,0
chr8,66034642,66034766,0.72
chr8,71399299,71399423,0
chr2,128936229,128936353,0
chr7,44595376,44595500,0
chr21,43891560,43891684,0
chr17,40349558,40349682,1.3122580645161288
chr19,7342029,7342153,0.72
chr14,20794948,20795072,0
chr20,31977711,31977835,0.72
chr22,28609934,28610058,0
chr3,111578300,111578424,1.0135922330097087
chr8,133621206,133621330,0.72
chr2,45843483,45843607,0.72
chr9,123933528,123933652,14.197580645161294
chr1,68124037,68124161,0
chr9,81288483,81288607,0
chr1,96340704,96340828,0.7200000000000001
chr13,88391493,88391617,0.7780645161290323
chr20,9683698,9683822,0
chr15,51391673,51391797,0
chr1,155276362,155276486,0
chr19,22343847,22343971,0
chr15,74157172,74157296,0.7199999999999999
chr4,31589109,31589233,0
chr16,56326429,56326553,0.72
chr9,10893595,10893719,0
chr2,174265177,174265301,0
chr18,18994600,18994724,0
chr3,54131822,54131946,0
chr17,25792947,25793071,0
chr17,10101281,10101405,0.72
chr5,141780193,141780317,0.72
chr22,41656427,41656551,0
chr9,112855482,112855606,0
chr15,32811142,32811266,0.84
chr15,18185292,18185416,0
chr15,56990848,56990972,0
chr11,79650942,79651066,0
chr8,19401071,19401195,1.701290322580645
chr8,136035791,136035915,0
chr8,122490601,122490725,0.9696774193548386
chr13,102464534,102464658,0
chr4,108579854,108579978,0
chr2,51344419,51344543,0
chr10,115882296,115882420,1.2948387096774194
chr7,138698826,138698950,0.72
chr10,31735999,31736123,0
chr9,72327700,72327824,0.7199999999999999
chr17,45052044,45052168,2.0148387096774196
chr5,80423641,80423765,0.72
chr19,41015463,41015587,0
chr8,122597184,122597308,0
chr4,24434534,24434658,0
chr6,7161141,7161265,1.1903225806451612
chr5,80147570,80147694,0
chr15,70555590,70555714,0.72
chr14,79843769,79843893,0
chr5,86684763,86684887,0
chr5,157706226,157706350,0
chr13,27997791,27997915,0
chr16,36340758,36340882,0
chr2,216055673,216055797,0
chr7,138648277,138648401,0.72
chr8,74763583,74763707,0
chr3,9454237,9454361,0.7199999999999999
chr4,39928295,39928419,0
chr15,26939386,26939510,0
chr17,2647824,2647948,0
chr7,3193943,3194067,1.0966153846153845
chr4,56051664,56051788,0
chr19,39203072,39203196,0
chr11,45554352,45554476,0
chr1,30751860,30751984,2.0117647058823533
chr6,162068555,162068679,0
chr5,161064772,161064896,0.72
chr12,1791759,1791883,0.72
chr6,40156826,40156950,0
chr3,57920894,57921018,0.72
chr4,89273930,89274054,1.3470967741935485
chr13,92693734,92693858,0
chr1,4209163,4209287,0
chr8,34804879,34805003,0
chr17,50525273,50525397,0
chr4,22320969,22321093,0
chr20,55032233,55032357,0
chr11,41394174,41394298,0
chr4,27058628,27058752,0
chr8,13959501,13959625,0.72
chr3,73322805,73322929,0.72
chr10,42266747,42266871,0
chr12,121115874,121115998,0.73
chr17,74283734,74283858,1.056774193548387
chr9,69585599,69585723,0
chr3,105490712,105490836,0
chr3,186627652,186627776,0
chr8,139447608,139447732,0.72
chr11,116719128,116719252,0
chr17,46858080,46858204,0
chr2,149010342,149010466,0.72
chr17,9814748,9814872,0
chr2,133282345,133282469,0.72
chr16,60238165,60238289,0.72
chr11,34637374,34637498,0
chr1,99457976,99458100,1.945161290322581
chr5,177537777,177537901,24.22290322580646
chr6,126482862,126482986,0
chr9,112560844,112560968,0
chr8,13007406,13007530,3.1354838709677417
chr11,115327641,115327765,0.72
chr8,81339603,81339727,0.72
chr14,92334184,92334308,0.72
chr16,50697780,50697904,0.8541176470588235
chr2,62106743,62106867,1.7535483870967745
chr5,50361725,50361849,0.72
chr6,118584971,118585095,0.72
chr14,57786565,57786689,0.72
chr1,13678203,13678327,0
chr8,112166594,112166718,0
chr6,82119156,82119280,0
chr10,107444077,107444201,0
chr8,132193934,132194058,1.0881818181818181
chr1,165409302,165409426,0
chr1,161745442,161745566,0.72
chr13,104610714,104610838,0
chr3,126326939,126327063,0.72
chr18,72057863,72057987,0
chr3,115760605,115760729,0
chr13,106187202,106187326,0.72
chr4,67382097,67382221,0
chr11,57072011,57072135,0
chr11,47235514,47235638,1.08
chr2,93253604,93253728,0
chr14,84995124,84995248,0.72
chr5,163712238,163712362,0
chr7,66807417,66807541,0.7199999999999999
chr2,9193636,9193760,0
chr9,25481338,25481462,0
chr7,75261847,75261971,0
chr5,9720092,9720216,0
chr4,40289879,40290003,0.7200000000000001
chr7,106776067,106776191,1.6258064516129034
chr17,75010421,75010545,0
chr3,40436578,40436702,0.72
chr12,105090344,105090468,0
chr7,133714931,133715055,0.72
chr11,10975271,10975395,0.72
chr2,199058605,199058729,0.72
chr18,51321901,51322025,0.72
chr3,142236549,142236673,0
chr15,81011804,81011928,0.72
chr2,80139803,80139927,0
chr15,48294151,48294275,0
chr20,49503535,49503659,1.5567567567567568
chr18,77243963,77244087,0.870967741935484
chr19,42123525,42123649,0
chr4,100427305,100427429,0
chr9,22538980,22539104,0
chr13,92684237,92684361,0
chr12,98773885,98774009,0
chr6,48127962,48128086,0.72
chr8,131824870,131824994,0
chr9,82958249,82958373,0
chr8,72248504,72248628,0.72
chr18,16617913,16618037,0
chr11,94146680,94146804,0
chr20,44730370,44730494,1.8703448275862067
chr16,86502136,86502260,1.1719148936170214
chr20,59495573,59495697,2.247096774193548
chr10,8499239,8499363,1.5096774193548388
chr10,93055011,93055135,0
chr12,113634107,113634231,0
chr14,56511723,56511847,0.72
chr8,129226287,129226411,0.7199999999999999
chr10,30283579,30283703,0
chr12,125141121,125141245,3.5577419354838713
chr6,36358629,36358753,0.72
chr5,91666487,91666611,0
chr15,73253969,73254093,0
chr2,152721328,152721452,0.9174193548387097
chr12,16128134,16128258,0
chr10,35946277,35946401,0.72
chr5,9259304,9259428,0
chr2,67685088,67685212,0
chr6,57638311,57638435,0
chr5,45829263,45829387,0
chr7,32346761,32346885,0.72
chr9,37484114,37484238,0
chr8,135707067,135707191,0.72
chr7,143306403,143306527,0
chr5,127613877,127614001,0
chr7,1343509,1343633,0
chr2,180523356,180523480,0
chr21,36742456,36742580,0.7606451612903226
chr12,5178303,5178427,0.7200000000000001
chr11,76407254,76407378,0
chr5,173508084,173508208,1.4589473684210525
chr20,45367926,45368050,0
chr10,105399566,105399690,0
chr7,44085921,44086045,0.72
chr12,111877058,111877182,0
chr1,32274625,32274749,0
chr7,121182806,121182930,0
chr1,21948036,21948160,0
chr15,23701524,23701648,0
chr13,49390095,49390219,0
chr14,39737306,39737430,0
chr11,31631565,31631689,0
chr6,120181102,120181226,0
chr22,25362192,25362316,2.4329032258064514
chr4,165829912,165830036,0.72
chr10,4918737,4918861,0
chr1,217024349,217024473,0
chr20,38534622,38534746,0
chr8,144947907,144948031,0
chr1,182416267,182416391,0
chr4,98485194,98485318,0
chr12,98868470,98868594,0
chr12,39955859,39955983,0
chr11,102445024,102445148,0
chr6,88175996,88176120,0
chr10,38087702,38087826,0
chr10,124562681,124562805,0.72
chr3,40769978,40770102,0
chr1,240259771,240259895,0
chr14,103709127,103709251,1.294838709677419
chr2,48351234,48351358,0
chr18,25816135,25816259,0.72
chr15,39585817,39585941,7.101290322580647
chr14,64604054,64604178,0.9174193548387096
chr2,20002746,20002870,0
chr16,31538975,31539099,0
chr9,85055239,85055363,0
chr13,113327306,113327430,0
chr5,150310372,150310496,0.72
chr4,102226473,102226597,1.44
chr1,182655770,182655894,0.8825806451612903
chr3,175759558,175759682,0
chr19,33166150,33166274,0.72
chr12,49348959,49349083,0
chr4,133661707,133661831,0
chr1,228439057,228439181,0
chr13,65313687,65313811,0.72
chr6,143798889,143799013,0
chr6,39844322,39844446,0.7200000000000001
chr10,71472600,71472724,0
chr2,88130104,88130228,0
chr1,124295625,124295749,0
chr17,8078457,8078581,0.72
chr14,56194069,56194193,0
chr12,107808368,107808492,1.112300884955752
chr12,95643651,95643775,0
chr7,140948036,140948160,0
chr4,16578955,16579079,0
chr18,17225393,17225517,0
chr22,11460270,11460394,0
chr2,133028828,133028952,0
chr2,884641,884765,0.7200000000000001
chr3,48674310,48674434,0
chr17,16653435,16653559,8.790967741935484
chr21,45799939,45800063,0.72
chr2,202250070,202250194,0
chr4,118407960,118408084,0
chr8,94906322,94906446,0.72
chr17,37514208,37514332,0.950943396226415
chr5,179921227,179921351,0
chr16,70563185,70563309,0
chr8,90419273,90419397,0.7199999999999999
chr3,137992261,137992385,0
chr4,137175454,137175578,0.72
chr11,15795430,15795554,0.72
chr10,9295252,9295376,0.7780645161290322
chr14,58035141,58035265,0
chr12,13293557,13293681,0
chr11,27627363,27627487,0
chr3,27551307,27551431,0
chr2,23610557,23610681,0
chr10,101951760,101951884,0.72
chr15,43275712,43275836,1.1787096774193548
chr20,62483557,62483681,0.72
chr12,133252452,133252576,0
chr5,172938334,172938458,0
chr16,30794522,30794646,0.72
chr7,47637587,47637711,0
chr1,229106438,229106562,0
chr4,5672992,5673116,1.3623529411764705
chr6,111006063,111006187,0.72
chr11,50434162,50434286,0
chr4,156961800,156961924,0
chr5,77230665,77230789,1.7129032258064518
chr21,38625775,38625899,0
chr1,87943840,87943964,0.72
chr11,1739698,1739822,4.052903225806452
chr15,95557156,95557280,0
chr6,39604585,39604709,0
chr8,9029971,9030095,1.8870967741935485
chr2,221908634,221908758,1.22126582278481
chr22,15775237,15775361,0
chr18,56356379,56356503,1.1729032258064516
chr2,14914293,14914417,0.72
chr15,99916816,99916940,0.9083076923076923
chr21,39293725,39293849,0
chr9,22191031,22191155,0.72
chr4,147449648,147449772,0
chr1,233879430,233879554,0
chr6,40393452,40393576,0
chr1,56010274,56010398,0.72
chr6,145098090,145098214,0
chr7,106590112,106590236,0
chr8,1149104,1149228,0
chr19,48661280,48661404,0
chr19,36358121,36358245,0
chr12,49580643,49580767,11.525806451612905
chr22,34700546,34700670,0.72
chr3,142211587,142211711,1.4238202247191012
chr3,25059344,25059468,0.72
chr3,67513653,67513777,0.72
chr18,48750879,48751003,0.7199999999999999
chr5,56703453,56703577,0
chr2,233771271,233771395,0.72
chr7,11343115,11343239,0.72
chr10,117280865,117280989,0.72
chr2,159098255,159098379,1.2541935483870965
chr18,46762544,46762668,0
chr2,27405708,27405832,0
chr7,31476342,31476466,0.7199999999999999
chr6,113819851,113819975,0
chr11,42963841,42963965,0
chr21,36096672,36096796,0
chr17,63239150,63239274,0.72
chr20,32893527,32893651,1.28
chr22,12538701,12538825,0
chr3,113806537,113806661,0
chr14,59580464,59580588,0
chr6,99227984,99228108,0
chr14,57001139,57001263,0.7367441860465116
chr1,189844535,189844659,0
chr14,55740996,55741120,0
chr4,156956794,156956918,0
chr20,56766347,56766471,0
chr19,14194879,14195003,0
chr9,104782529,104782653,0
chr17,1838311,1838435,0
chr16,56144646,56144770,0
chr16,35615465,35615589,0
chr6,5111375,5111499,1.2102127659574466
chr10,77519555,77519679,0.9852631578947366
chr1,122360577,122360701,0
chr20,60944653,60944777,0.72
chr1,5884675,5884799,0
chr6,79325672,79325796,0
chr8,72800665,72800789,0
chr2,46524125,46524249,0
chr12,81665914,81666038,0
chr20,18664290,18664414,0
chr5,20526812,20526936,0
chr1,147093725,147093849,0
chr2,185290046,185290170,0.72
chr22,25722840,25722964,0.72
chr4,181533006,181533130,0.72
chr3,80605147,80605271,0
chr2,212237160,212237284,0
chr3,9281794,9281918,0.72
chr8,89199889,89200013,0
chr21,45377500,45377624,0.72
chr22,11855558,11855682,0
chr2,164977060,164977184,0.72
chr8,117059810,117059934,0.72
chr2,225611110,225611234,0.72
chr13,44250976,44251100,0
chr13,66179717,66179841,0
chr2,229354297,229354421,0
chr4,118131839,118131963,0.72
chr18,47522179,47522303,0
chr5,56073900,56074024,0
chr18,4642952,4643076,0
chr5,32550469,32550593,0
chr11,62198628,62198752,0.9348387096774193
chr11,86715124,86715248,0.72
chr2,90339616,90339740,0
chr10,78374983,78375107,0
chr4,79300326,79300450,0
chr1,5757224,5757348,0
chr6,3126505,3126629,3.6929032258064516
chr10,125186929,125187053,0
chr5,98320500,98320624,1.6025806451612903
chr17,32299867,32299991,2.2006451612903226
chr13,59952436,59952560,0
chr15,61578381,61578505,0
chr2,70628535,70628659,0.72
chr21,22258529,22258653,0
chr6,107396687,107396811,0
chr19,37305846,37305970,0.72
chr7,10557458,10557582,0
chr2,41158873,41158997,0.7200000000000001
chr19,21993978,21994102,0
chr15,38844554,38844678,0.72
chr1,19231953,19232077,1.3302857142857143
chr14,70439807,70439931,0.72
chr9,110189549,110189673,0.72
chr15,44371993,44372117,0.8941935483870967
chr21,26504329,26504453,0
chr5,58411983,58412107,0.72
chr7,54379890,54380014,0
chr2,100523203,100523327,0
chr1,164612055,164612179,2.886153846153846
chr8,20140365,20140489,0
chr7,44165973,44166097,0.72
chr10,73949714,73949838,0.72
chr2,235429675,235429799,0
chr4,98276718,98276842,0
chr13,59216703,59216827,0
chr4,168147925,168148049,0.8836363636363637
chr3,111911442,111911566,1.5554716981132075
chr5,45653332,45653456,0.72
chr4,100900859,100900983,0
chr20,1067705,1067829,0
chr4,2515070,2515194,0
chr15,73032569,73032693,0
chr15,49135870,49135994,12.77629032258065
chr11,72357432,72357556,0
chr10,116132013,116132137,0
chr9,77488883,77489007,0
chr7,35115902,35116026,0
chr3,154042198,154042322,0.7199999999999999
chr14,36179328,36179452,0
chr5,47958821,47958945,0
chr19,36172640,36172764,0
chr5,64647870,64647994,0.72
chr18,10640416,10640540,0
chr2,66200897,66201021,0
chr7,150888436,150888560,0
chr7,61672297,61672421,0
chr5,8182907,8183031,0
chr2,227953438,227953562,0
chr15,40122745,40122869,0
chr9,10129524,10129648,0
chr6,17734792,17734916,0
chr1,241390340,241390464,0.72
chr3,159495207,159495331,0
chr17,6296272,6296396,0
chr19,5200433,5200557,0
chr1,107168144,107168268,0
chr14,62337542,62337666,0
chr7,158293311,158293435,0
chr3,31345672,31345796,0
chr7,147720506,147720630,0
chr14,70621460,70621584,1.4109677419354838
chr7,153378388,153378512,0
chr11,57410642,57410766,1.9800000000000002
chr7,18429501,18429625,1.3559999999999999
chr4,115084314,115084438,0.72
chr5,50753869,50753993,0
chr21,33924182,33924306,4.923870967741937
chr22,36558685,36558809,0.72
chr6,84714840,84714964,0.72
chr11,4016770,4016894,0
chr10,122168374,122168498,0
chr5,170041799,170041923,0.7199999999999999
chr1,26471838,26471962,3.4083870967741934
chr3,18729734,18729858,0
chr7,4569908,4570032,0.7896774193548387
chr1,39527733,39527857,0.72
chr3,33213127,33213251,0
chr15,29171236,29171360,0
chr7,82463749,82463873,0
chr10,8451348,8451472,5.829677419354839
chr15,29424720,29424844,1.1272131147540982
chr11,91755570,91755694,0.72
chr9,6790959,6791083,0
chr7,92991597,92991721,0
chr16,6192409,6192533,1.26
chr2,102390503,102390627,0
chr11,24807349,24807473,0
chr11,130279917,130280041,0
chr10,44823258,44823382,0.72
chr8,461710,461834,11.64193548387097
chr9,23587847,23587971,0
chr21,39056578,39056702,0.72
chr5,130317075,130317199,0
chr4,38895160,38895284,0.72
chr1,147322118,147322242,0
chr1,204381450,204381574,0
chr14,19001544,19001668,0
chr16,79276860,79276984,0.72
chr13,53019126,53019250,0
chr16,82996044,82996168,0
chr6,111365830,111365954,0
chr8,143812193,143812317,1.289032258064516
chr21,43068725,43068849,0
chr4,85868102,85868226,0
chr10,107568724,107568848,0
chr2,236351957,236352081,0
chr11,55544209,55544333,0
chr5,115052172,115052296,0.72
chr12,23242777,23242901,0
chr9,4328801,4328925,0
chr4,93402567,93402691,0
chr9,5967870,5967994,0
chr4,189818513,189818637,0
chr4,117987755,117987879,0.9058064516129032
chr21,20347148,20347272,0.7200000000000001
chr15,17925454,17925578,0
chr2,238686012,238686136,0
chr1,78277851,78277975,1.116923076923077
chr22,44445319,44445443,1.4894117647058822
chr9,93936111,93936235,1.4400000000000002
chr2,236343366,236343490,0
chr2,109562585,109562709,0.72
chr15,91758813,91758937,1.416774193548387
chr17,16234499,16234623,0
chr8,1428935,1429059,0
chr4,48337048,48337172,0
chr21,32927009,32927133,0
chr18,13297261,13297385,0
chr18,61347407,61347531,0
chr5,7678969,7679093,0.72
chr16,80583425,80583549,3.983225806451613
chr17,10897561,10897685,0
chr17,7893853,7893977,0.72
chr19,35339047,35339171,0
chr14,96783411,96783535,6.456774193548387
chr5,28384559,28384683,1.2115384615384615
chr11,95744558,95744682,0
chr13,96566706,96566830,0
chr17,7601107,7601231,0
chr5,12456366,12456490,0
chr1,22149252,22149376,0
chr22,46355616,46355740,2.8045161290322578
chr6,157582764,157582888,0
chr18,69094255,69094379,0
chr1,149869996,149870120,0
chr9,120648703,120648827,0.72
chr1,84762010,84762134,0.72
chr16,57077758,57077882,0.9552475247524752
chr3,196425867,196425991,0.72
chr17,63253745,63253869,0.72
chr14,78242482,78242606,0
chr3,12636823,12636947,0.7200000000000001
chr7,3533974,3534098,0.72
chr7,57388595,57388719,0
chr2,110245184,110245308,0
chr5,25842041,25842165,0.72
chr9,18412553,18412677,0
chr1,92524512,92524636,0.72
chr5,150298369,150298493,0.72
chr11,78331711,78331835,0
chr3,172807311,172807435,0.72
chr7,58231456,58231580,0
chr10,80383712,80383836,0
chr1,110971674,110971798,0
chr7,101685126,101685250,0.9348387096774193
chr1,175791777,175791901,0.9533333333333333
chr12,38873965,38874089,0
chr14,18480871,18480995,0
chr17,68385763,68385887,0.7919999999999999
chr3,43918276,43918400,0
chr4,157528431,157528555,0
chr8,138584304,138584428,0
chr3,120159563,120159687,0
chr5,134586872,134586996,16.33943548387097
chr12,101189410,101189534,0.73
chr1,6299180,6299304,0.72
chr14,16465792,16465916,0
chr19,38251220,38251344,1.09741935483871
chr3,55158894,55159018,1.17
chr7,72798959,72799083,0.72
chr2,9388248,9388372,0.72
chr12,215056,215180,0.72
chr1,31106360,31106484,0
chr10,95869014,95869138,1.44
chr5,6959511,6959635,0
chr12,91348550,91348674,0
chr3,126004552,126004676,1.0683870967741935
chr1,20715430,20715554,0.72
chr2,29701794,29701918,0
chr18,76828143,76828267,0.72
chr13,94616430,94616554,0
chr7,56115205,56115329,0.72
chr1,221040684,221040808,0
chr3,190650832,190650956,0
chr6,155299931,155300055,0.72
chr5,79592531,79592655,0
chr5,64422100,64422224,0
chr1,191991574,191991698,0.72
chr1,159717775,159717899,0
chr12,93354215,93354339,0
chr2,19575432,19575556,0
chr3,147755326,147755450,0
chr3,62604505,62604629,9.923225806451612
chr20,38001102,38001226,0.7768421052631579
chr13,88268334,88268458,0.72
chr13,32442470,32442594,0
chr1,146400223,146400347,0
chr11,129030502,129030626,0
chr18,29996090,29996214,0
chr18,5108032,5108156,0
chr11,30273858,30273982,0
chr11,85634999,85635123,0.72
chr2,154285608,154285732,0
chr17,1182160,1182284,0.7432258064516128
chr4,34462682,34462806,0
chr16,34988043,34988167,0
chr3,142278036,142278160,0
chr6,153304744,153304868,0
chr12,64392294,64392418,1.7535483870967736
chr13,104814915,104815039,0.72
chr20,13346317,13346441,0
chr12,109885453,109885577,0
chr4,170400107,170400231,0
chr1,205871085,205871209,0
chr3,42876181,42876305,0
chr3,147649995,147650119,0
chr1,5427533,5427657,0
chr9,95275369,95275493,0
chr3,174819931,174820055,0
chr10,63212485,63212609,0
chr9,95013333,95013457,0.72
chr10,131355962,131356086,0.72
chr3,93519591,93519715,0
chr14,77256305,77256429,0.7200000000000001
chr9,19254797,19254921,0
chr10,31226274,31226398,0
chr2,66938519,66938643,0.72
chr8,90868078,90868202,0.72
chr6,81081784,81081908,0
chr12,36510847,36510971,0
chr11,11764278,11764402,0
chr7,28607109,28607233,0.72
chr5,65703773,65703897,0.72
chr10,63356995,63357119,0
chr9,92114463,92114587,0
chr16,8197666,8197790,0.72
chr4,39449091,39449215,0.72
chr12,16606736,16606860,1.1903225806451612
chr14,92927304,92927428,0.72
chr1,180198868,180198992,1.312258064516129
chr21,23041984,23042108,0
chr13,41429327,41429451,0
chr11,80105468,80105592,0
chr13,67688999,67689123,0
chr8,105722597,105722721,0
chr5,95910943,95911067,0.72
chr7,22815732,22815856,0
chr3,153607525,153607649,0
chr4,143347535,143347659,0
chr6,81745539,81745663,0.7838709677419355
chr4,62679228,62679352,0
chr9,16394642,16394766,0
chr3,94651160,94651284,0
chr9,101358883,101359007,0.824516129032258
chr2,179367156,179367280,0
chr11,30141440,30141564,0.72
chr20,56932496,56932620,0
chr1,43972294,43972418,0.72
chr21,34449526,34449650,0
chr5,163389666,163389790,0.72
chr8,99824248,99824372,0
chr8,66529056,66529180,0.72
chr8,136279294,136279418,0
chr9,5766713,5766837,0
chr9,134643592,134643716,4.337419354838709
chr11,1767992,1768116,1.96258064516129
chr12,80021474,80021598,0
chr16,66253772,66253896,0.72
chr10,71780484,71780608,0
chr21,11933736,11933860,0
chr3,75355789,75355913,0
chr16,80571426,80571550,0
chr9,27402664,27402788,0
chr17,50530074,50530198,0.72
chr14,30007158,30007282,0
chr22,44221350,44221474,0.72
chr2,207525674,207525798,0
chr16,53735463,53735587,0
chr4,105857979,105858103,0
chr21,42667188,42667312,0.72
chr18,30914682,30914806,0.72
chr20,36440565,36440689,0.72
chr7,55520033,55520157,0.72
chr9,106237453,106237577,1.1032258064516127
chr5,151709092,151709216,0
chr4,139447032,139447156,0
chr1,93614104,93614228,2.009032258064516
chr11,116629623,116629747,0.72
chr14,76767199,76767323,0.72
chr13,48316222,48316346,0
chr16,19023538,19023662,0
chr6,108663745,108663869,0
chr1,151204386,151204510,0.72
chr5,124367205,124367329,0
chr11,1121898,1122022,1.233103448275862
chr16,11231542,11231666,0.7199999999999999
chr14,51395434,51395558,4.459354838709678
chr5,36626163,36626287,2.3864516129032256
chr2,117746184,117746308,0
chr14,18412890,18413014,0
chr16,14621292,14621416,0
chr18,51229703,51229827,0.8535483870967742
chr9,71385799,71385923,0
chr8,65543569,65543693,0
chr1,112969555,112969679,0
chr12,80272745,80272869,0
chr4,65192649,65192773,0.72
chr12,36679863,36679987,0
chr4,48983855,48983979,0.72
chr4,158477933,158478057,0
chr3,51899961,51900085,0
chr1,227854576,227854700,0
chr5,15733834,15733958,0.72
chr14,35333418,35333542,0
chr6,106935080,106935204,0
chr17,18909996,18910120,0
chr6,117582886,117583010,1.3006451612903225
chr10,78825549,78825673,1.0974193548387097
chr16,29699784,29699908,1.3608
chr10,15670883,15671007,0
chr11,16173376,16173500,0
chr7,131571699,131571823,0
chr13,57399320,57399444,0
chr6,27383206,27383330,0
chr2,112092643,112092767,1.4458064516129032
chr12,43938773,43938897,0
chr18,19434257,19434381,0
chr4,38078390,38078514,0
chr17,73666599,73666723,1.386382978723404
chr12,94832861,94832985,0
chr5,106494022,106494146,0
chr1,216699706,216699830,0
chr11,87288855,87288979,0
chr18,50197474,50197598,0.72
chr11,86449234,86449358,0
chr3,128072107,128072231,5.626451612903226
chr10,89622552,89622676,0
chr16,30911201,30911325,1.1764285714285712
chr10,107983119,107983243,0
chr5,34079979,34080103,0
chr1,109619349,109619473,0.8883870967741936
chr2,64395350,64395474,0.72
chr11,47491334,47491458,0
chr1,240724093,240724217,0.72
chr2,202449103,202449227,0
chr12,47245357,47245481,0.72
chr3,144145085,144145209,0
chr13,49940878,49941002,0
chr2,231196146,231196270,0.72
chr1,34610900,34611024,0.72
chr5,9227501,9227625,0
chr20,28963626,28963750,0
chr10,41107835,41107959,0
chr6,18771369,18771493,0.72
chr3,123633783,123633907,0.72
chr6,39354300,39354424,0
chr6,4155484,4155608,0
chr3,116576732,116576856,0.72
chr6,155593378,155593502,0
chr15,76103239,76103363,0.9522580645161289
chr5,22302420,22302544,0
chr1,12540241,12540365,0.72
chr2,38794545,38794669,0
chr4,149560012,149560136,0
chr7,94147453,94147577,0
chr3,164966262,164966386,0
chr20,39481526,39481650,0
chr1,210950253,210950377,0.72
chr6,31891877,31892001,0.72
chr15,75702748,75702872,0
chr20,1340697,1340821,5.074838709677419
chr19,15221182,15221306,0.72
chr11,61384938,61385062,0.72
chr12,45696511,45696635,1.1760000000000002
chr22,41093688,41093812,0.7838709677419355
chr16,79858952,79859076,1.135774647887324
chr22,12146078,12146202,0
chr5,134245255,134245379,9.30193548387097
chr2,36228700,36228824,0
chr16,25838809,25838933,1.5793548387096774
chr4,24808365,24808489,0
chr10,100988286,100988410,1.1903225806451614
chr11,33855889,33856013,0
chr18,54938322,54938446,0
chr12,70710659,70710783,0.72
chr2,87691522,87691646,0
chr11,74278752,74278876,6.7064516129032254
chr6,116421619,116421743,0
chr9,43498906,43499030,0
chr6,11111044,11111168,0.72
chr7,121569007,121569131,0
chr5,158922858,158922982,0
chr15,61527975,61528099,1.3819354838709677
chr11,34806693,34806817,0.72
chr4,113370642,113370766,0
chr2,2732243,2732367,2.2935483870967746
chr11,130200164,130200288,0.72
chr20,39820376,39820500,0
chr19,49802832,49802956,0
chr12,50673429,50673553,0
chr6,41084079,41084203,0
chr2,47567426,47567550,0.7776000000000001
chr14,80356209,80356333,0.72
chr7,144996605,144996729,0.72
chr3,133268338,133268462,0.72
chr16,19471977,19472101,0
chr9,119707912,119708036,0
chr2,41980572,41980696,0.72
chr2,44634637,44634761,0
chr15,99136449,99136573,8.837419354838712
chr1,36930188,36930312,1.2019354838709675
chr15,29525043,29525167,0
chr1,231411260,231411384,0
chr15,101597375,101597499,0
chr2,20834277,20834401,0
chr2,228550852,228550976,0
chr12,93002208,93002332,0.72
chr12,59549077,59549201,0
chr11,102303950,102304074,0.72
chr15,68259533,68259657,0
chr3,48857376,48857500,0
chr1,92511136,92511260,0
chr19,53700294,53700418,0
chr16,60539359,60539483,0
chr12,22582650,22582774,0
chr16,59137492,59137616,0.72
chr9,74998624,74998748,0
chr4,14101476,14101600,0
chr4,41232191,41232315,0.7199999999999999
chr19,12424795,12424919,0.72
chr10,34067592,34067716,0
chr7,151098473,151098597,0
chr14,69474079,69474203,0
chr2,222273106,222273230,0
chr11,47663690,47663814,0.9771428571428571
chr2,55854374,55854498,0
chr1,208171987,208172111,0
chr14,106731918,106732042,0
chr16,35378456,35378580,0
chr21,34838709,34838833,0
chr7,42184941,42185065,0
chr5,49250082,49250206,0
chr11,95334056,95334180,0.72
chr7,158028363,158028487,0
chr10,21415300,21415424,0
chr17,882342,882466,0
chr1,45576101,45576225,0.72
chr3,20170240,20170364,0
chr7,22067372,22067496,0.72
chr14,39724417,39724541,0
chr12,131124993,131125117,0.73
chr22,37303601,37303725,1.2168
chr14,94034313,94034437,0
chr7,63937932,63938056,0
chr3,32949449,32949573,0.72
chr4,41876702,41876826,0.72
chr1,161221758,161221882,0
chr4,4088397,4088521,0
chr4,93371768,93371892,0
chr18,54403130,54403254,0
chr3,74568950,74569074,0
chr3,187708779,187708903,0
chr12,51759836,51759960,0
chr7,5030912,5031036,0
chr20,39525428,39525552,0
chr15,51449342,51449466,0
chr8,23300211,23300335,1.8058064516129033
chr20,2173109,2173233,0
chr22,43723274,43723398,0
chr12,88496197,88496321,0
chr7,137675133,137675257,0.72
chr9,38558272,38558396,0
chr17,28330078,28330202,0
chr4,102512584,102512708,0.72
chr5,34207335,34207459,0
chr14,62654923,62655047,0
chr5,146094125,146094249,0.72
chr3,140117046,140117170,0.7200000000000001
chr14,97338349,97338473,0
chr2,211550348,211550472,0
chr2,158844276,158844400,0.72
chr10,12601433,12601557,0
chr3,153141659,153141783,0.7199999999999999
chr2,149153002,149153126,1.2665060240963855
chr12,15234565,15234689,0
chr20,41896839,41896963,0
chr9,111522711,111522835,0.72
chr1,233891458,233891582,0
chr9,117866055,117866179,0
chr5,109692264,109692388,0.72
chr8,118210283,118210407,0.72
chr21,44791379,44791503,0.72
chr2,167872108,167872232,0
chr7,108494249,108494373,0
chr13,73200251,73200375,0
chr13,69552477,69552601,0
chr3,100224601,100224725,0
chr16,89220383,89220507,0
chr17,48747664,48747788,0.72
chr17,71342455,71342579,0
chr15,34367292,34367416,11.490967741935483
chr12,35531832,35531956,0
chr16,87733947,87734071,0
chr13,44654670,44654794,0.72
chr3,121371394,121371518,1.2650467289719625
chr10,111435388,111435512,0.72
chr10,118583890,118584014,0
chr3,14628481,14628605,0.72
chr14,102703179,102703303,0
chr1,145541321,145541445,0.72
chr9,133674350,133674474,0
chr5,168286113,168286237,0.7319008264462808
chr20,46710299,46710423,0.72
chr14,62687086,62687210,0
chr18,26187224,26187348,0
chr2,197685776,197685900,0
chr4,117119144,117119268,0
chr1,84945786,84945910,0
chr10,93139099,93139223,0.72
chr10,10228426,10228550,0.72
chr7,101626618,101626742,0
chr10,23317280,23317404,1.2838554216867468
chr4,16421022,16421146,0.7200000000000001
chr4,51565045,51565169,0
chr6,1314705,1314829,0
chr1,145294789,145294913,0
chr11,86478847,86478971,0
chr4,182726549,182726673,0
chr2,191113871,191113995,0
chr16,83602737,83602861,0.72
chr20,26475790,26475914,0
chr7,101196948,101197072,0.72
chr18,35230156,35230280,0
chr2,204055927,204056051,0
chr20,749044,749168,0
chr3,115688158,115688282,0.72
chr14,17169208,17169332,0
chr11,60916470,60916594,0.72
chr2,197314210,197314334,0
chr9,28949535,28949659,0
chr5,69311968,69312092,0.72
chr8,20340300,20340424,0
chr5,125765352,125765476,0.72
chr17,19445447,19445571,0
chr11,114363518,114363642,0
chr9,107749286,107749410,0
chr1,16296664,16296788,0.72
chr18,21303590,21303714,0.72
chr1,188999438,188999562,6.927096774193551
chr16,85863110,85863234,0
chr11,60517749,60517873,0.72
chr4,117032526,117032650,0
chr3,195494349,195494473,0
chr5,97795566,97795690,0
chr21,46247970,46248094,0
chr17,21756740,21756864,0
chr12,130481771,130481895,0
chr10,65924611,65924735,0
chr19,57167113,57167237,0
chr7,12099244,12099368,0.72
chr15,86479058,86479182,0
chr1,26513215,26513339,0
chr14,29956274,29956398,0
chr3,138625309,138625433,0
chr8,143536405,143536529,1.1787096774193548
chr8,569296,569420,0.72
chr17,3730033,3730157,1.22126582278481
chr16,86011421,86011545,0
chr5,95667252,95667376,0.72
chr9,125267607,125267731,0.72
chr11,22110277,22110401,0
chr13,69018411,69018535,0
chr12,126754079,126754203,0.9999999999999999
chr4,82698399,82698523,0
chr3,194128787,194128911,0
chr19,1396423,1396547,0.7896774193548386
chr22,31575707,31575831,0.72
chr6,148683096,148683220,1.7303225806451616
chr10,11616167,11616291,0
chr2,71572732,71572856,0.72
chr7,22482833,22482957,0.72
chr2,53659852,53659976,0
chr6,160658192,160658316,0
chr11,66070617,66070741,0.7591304347826087
chr17,497596,497720,0
chr20,5812867,5812991,0.72
chr3,164864010,164864134,0
chr12,22938938,22939062,0.72
chr20,42726667,42726791,0
chr4,125423873,125423997,0
chr2,231847366,231847490,0
chr2,92783673,92783797,0
chr6,159228869,159228993,0
chr13,33347457,33347581,0.7200000000000001
chr17,78376812,78376936,0.72
chr1,6913310,6913434,1.9219354838709684
chr21,23151560,23151684,0
chr3,850011,850135,0
chr6,43530448,43530572,0
chr4,139581965,139582089,0.7200000000000001
chr12,22952520,22952644,0.72
chr7,146414432,146414556,0
chr16,82163206,82163330,0.7199999999999999
chr5,143734432,143734556,0
chr21,45272130,45272254,0.72
chr6,51033370,51033494,0
chr8,76338509,76338633,0.72
chr14,68477487,68477611,0
chr2,41671912,41672036,0
chr5,36824010,36824134,0
chr14,58359294,58359418,0
chr3,120272576,120272700,0
chr16,48732287,48732411,0
chr2,73680728,73680852,0.72
chr2,133608256,133608380,0
chr12,45536101,45536225,0
chr16,88775221,88775345,0
chr8,33565697,33565821,0.9638709677419355
chr19,17754808,17754932,0.72
chr2,236935888,236936012,0
chr11,32025278,32025402,0
chr15,32387286,32387410,0
chr10,121293762,121293886,0.72
chr4,91986155,91986279,0
chr1,221747602,221747726,0
chr1,40045364,40045488,0.7199999999999999
chr1,36435857,36435981,0.72
chr6,126246986,126247110,0
chr10,117182531,117182655,0.72
chr9,84497402,84497526,46.47701612903229
chr6,53812205,53812329,0
chr15,99168713,99168837,16.71096774193549
chr6,5165745,5165869,0
chr14,70808333,70808457,0.72
chr3,172673871,172673995,0.72
chr16,26860384,26860508,0
chr22,31665242,31665366,0
chr9,15379115,15379239,0
chr1,157917753,157917877,0.7200000000000001
chr2,171480280,171480404,0
chr19,21465827,21465951,0.9812903225806451
chr10,129704947,129705071,0.72
chr2,128823543,128823667,0
chr3,76274544,76274668,0
chr4,77128062,77128186,0.72
chr11,98983502,98983626,0
chr8,68371015,68371139,0
chr6,16254528,16254652,0
chr10,24432673,24432797,1.3199999999999998
chr4,184765887,184766011,1.364516129032258
chr2,205558091,205558215,0.72
chr16,84219896,84220020,0.72
chr15,23423406,23423530,1.23
chr12,27937004,27937128,0.72
chr22,27307705,27307829,1.4225806451612901
chr2,240160380,240160504,0.72
chr17,31882605,31882729,0
chr8,72810154,72810278,0.72
chr15,80615635,80615759,0
chr6,10982137,10982261,0
chr11,53970194,53970318,0
chr1,22137476,22137600,1.410967741935484
chr7,87480238,87480362,0.72
chr14,21444009,21444133,0
chr14,100522875,100522999,0
chr7,64789732,64789856,0
chr9,38541845,38541969,0
chr7,159077978,159078102,0
chr22,33884560,33884684,0.72
chr19,51313915,51314039,0
chr2,112646294,112646418,1.4167741935483873
chr17,61369627,61369751,0
chr14,101239157,101239281,0.72
chr1,34974026,34974150,0
chr21,43706043,43706167,0
chr15,66565234,66565358,0.8246153846153845
chr4,32694659,32694783,0
chr17,9182169,9182293,0
chr1,204284159,204284283,0.9383606557377048
chr19,20442835,20442959,0
chr1,246402377,246402501,0
chr4,6107245,6107369,0
chr18,12178824,12178948,0
chr7,149741868,149741992,1.3969230769230772
chr17,1141259,1141383,0
chr14,76779762,76779886,0.72
chr4,13956916,13957040,1.433684210526316
chr17,15470434,15470558,0.72
chr3,9349008,9349132,0
chr17,40545630,40545754,0.72
chr16,89787203,89787327,0
chr6,22233290,22233414,0
chr21,23442561,23442685,0
chr16,80130841,80130965,0
chr2,52256842,52256966,0
chr22,27562275,27562399,0.72
chr19,675202,675326,0
chr11,335273,335397,0
chr17,64481701,64481825,0
chr7,102280504,102280628,0.7548387096774192
chr5,1049648,1049772,9.80709677419355
chr13,24246752,24246876,0
chr19,379381,379505,0
chr11,128871525,128871649,1.3761290322580646
chr22,45774765,45774889,0
chr15,44816029,44816153,0.72
chr10,104693446,104693570,0
chr13,99032510,99032634,0
chr9,105565073,105565197,1.0859016393442622
chr3,167322913,167323037,0
chr14,97612609,97612733,0
chr10,33714299,33714423,0.8129032258064516
chr2,42057649,42057773,0.72
chr2,241078235,241078359,0
chr1,13328114,13328238,0
chr4,118077242,118077366,0.72
chr11,75132314,75132438,0.7199999999999999
chr2,215669571,215669695,0
chr14,81389874,81389998,0
chr13,113534696,113534820,0.72
chr17,55304020,55304144,3.025161290322581
chr2,120234526,120234650,0.72
chr20,48817258,48817382,0.72
chr7,136900543,136900667,0
chr6,111056539,111056663,0.72
chr11,48077441,48077565,0.8085245901639343
chr14,40821208,40821332,0
chr19,50322002,50322126,0.72
chr4,77427694,77427818,0.72
chr4,8792415,8792539,1.1206451612903225
chr6,387125,387249,0
chr8,27289045,27289169,0.7200000000000001
chr3,125774871,125774995,0
chr3,66156220,66156344,0
chr16,11271212,11271336,0.7199999999999999
chr10,11982441,11982565,0
chr12,56966807,56966931,0
chr2,135075914,135076038,0
chr12,109900015,109900139,2.5358064516129035
chr20,61895050,61895174,7.438064516129033
chr14,105830331,105830455,0
chr3,51237377,51237501,0
chr10,118905708,118905832,0.9553846153846153
chr3,187941747,187941871,0.72
chr15,28859062,28859186,0
chr3,188006673,188006797,1.2948387096774194
chr8,139672256,139672380,1.3614545454545453
chr12,130870676,130870800,0
chr11,125777706,125777830,0.72
chr6,76817314,76817438,0.72
chr1,115736353,115736477,0
chr8,105521127,105521251,0
chr19,34637387,34637511,0
chr3,4361917,4362041,0.72
chr5,71610775,71610899,0
chr4,116895947,116896071,0
chr1,113423908,113424032,0.72
chr22,44850393,44850517,1.3587096774193548
chr11,6139866,6139990,0
chr6,17250105,17250229,0.72
chr10,122544342,122544466,0.72
chr1,224309191,224309315,0
chr16,87641309,87641433,0.72
chr9,130078570,130078694,0.7606451612903224
chr3,15117762,15117886,0
chr12,6149269,6149393,0
chr6,50126476,50126600,0
chr2,130768712,130768836,0.8825806451612902
chr2,79783335,79783459,0
chr10,66913090,66913214,0
chr13,112449056,112449180,0.72
chr1,24169394,24169518,0
chr14,37659714,37659838,0
chr3,33775918,33776042,0
chr5,51750645,51750769,0.72
chr12,57457649,57457773,0.72
chr8,93910817,93910941,0.72
chr19,3429951,3430075,2.1193548387096772
chr5,128536805,128536929,0
chr1,30215733,30215857,0
chr18,35699011,35699135,0
chr17,77708023,77708147,0
chr15,75734175,75734299,0
chr6,150633852,150633976,1.128
chr8,93224918,93225042,0
chr1,19253665,19253789,0
chr5,34410098,34410222,0
chr4,52248983,52249107,0.72
chr17,49871102,49871226,1.1668965517241379
chr9,36864607,36864731,0.7199999999999999
chr4,1457009,1457133,0
chr22,20412762,20412886,0
chr19,50853825,50853949,0
chr11,81035637,81035761,0
chr19,28067678,28067802,0
chr17,4170268,4170392,0
chr4,59394265,59394389,0
chr11,51694040,51694164,0
chr15,66453215,66453339,0.72
chr17,48388597,48388721,0
chr1,147776754,147776878,0
chr6,22316904,22317028,0.72
chr2,120695405,120695529,1.128
chr1,119395224,119395348,0.72
chr8,119920706,119920830,0.72
chr6,16259015,16259139,0
chr6,59753103,59753227,0
chr17,72185788,72185912,0
chr19,55525375,55525499,0.72
chr11,6119804,6119928,0
chr16,23754976,23755100,0.72
chr9,104883200,104883324,0
chr8,119089904,119090028,0
chr8,16965836,16965960,0.72
chr2,20935122,20935246,0
chr7,120903469,120903593,0
chr9,17539550,17539674,0
chr2,101368415,101368539,1.0625806451612902
chr1,169573103,169573227,0
chr10,72410092,72410216,0
chr22,50046559,50046683,0.72
chr10,29940947,29941071,0
chr7,142161817,142161941,0
chr6,99004460,99004584,0.72
chr3,172665921,172666045,0
chr3,141429569,141429693,0.7374193548387097
chr15,45672009,45672133,0.72
chr8,53251077,53251201,0.72
chr9,136377736,136377860,0.72
chr14,54897107,54897231,0
chr9,128703829,128703953,0.72
chr1,53074950,53075074,0.72
chr1,31661024,31661148,0.72
chr8,42875988,42876112,0
chr22,26976415,26976539,0.7258064516129032
chr16,62108293,62108417,0
chr19,21422275,21422399,0
chr3,147497503,147497627,0.72
chr4,181811304,181811428,0
chr2,70199284,70199408,0.72
chr7,86992651,86992775,0
chr4,38203969,38204093,0.72
chr5,66077631,66077755,0.72
chr4,144728288,144728412,0.72
chr1,65407858,65407982,0
chr5,81549614,81549738,0
chr4,57354784,57354908,0
chr11,77544087,77544211,0
chr5,123467792,123467916,0
chr10,56697778,56697902,0
chr15,62631106,62631230,0
chr17,62913900,62914024,0.7200000000000001
chr4,139304242,139304366,0
chr13,77543515,77543639,0
chr11,112946937,112947061,0
chr10,49253617,49253741,1.5561290322580645
chr8,33861658,33861782,0
chr9,23640485,23640609,0
chr3,96399773,96399897,0
chr2,6229062,6229186,0.72
chr8,130758820,130758944,0.72
chr2,69709262,69709386,0
chr1,29551263,29551387,0.72
chr20,52197521,52197645,0.72
chr20,49856894,49857018,0
chr1,56702078,56702202,0
chr4,32280760,32280884,0
chr3,49136072,49136196,0.72
chr11,3167007,3167131,0.7374193548387096
chr12,107452421,107452545,0
chr1,73155149,73155273,0
chr16,21866612,21866736,0
chr15,74748696,74748820,0.72
chr15,81335445,81335569,0.72
chr7,1808335,1808459,0.72
chr8,30942678,30942802,0
chr8,27666682,27666806,1.392
chr10,125296890,125297014,0.72
chr2,29577743,29577867,0
chr12,95540386,95540510,0.73
chr6,103317743,103317867,0
chr10,99840429,99840553,0
chr21,13968115,13968239,0
chr15,80943048,80943172,0.72
chr17,21248127,21248251,1.434193548387097
chr10,116393447,116393571,0
chr22,24191707,24191831,0.72
chr5,3253721,3253845,0
chr3,17245074,17245198,0
chr20,48157363,48157487,0
chr7,45595250,45595374,0.72
chr19,37458038,37458162,0
chr8,63935970,63936094,0.72
chr16,61351760,61351884,0
chr2,32152928,32153052,0
chr7,151456784,151456908,0.9752727272727273
chr9,98593900,98594024,1.2250746268656716
chr1,215734040,215734164,0.72
chr7,131210837,131210961,1.44
chr11,33894160,33894284,0
chr6,106854628,106854752,0.7200000000000001
chr2,45012611,45012735,0
chr18,79218849,79218973,1.0478571428571428
chr3,12520501,12520625,0
chr18,12872927,12873051,0
chr22,36386111,36386235,9.998709677419358
chr17,78506173,78506297,0.72
chr2,26714081,26714205,0.72
chr3,155574235,155574359,0.72
chr19,33427812,33427936,0.72
chr1,176875074,176875198,0
chr3,109999069,109999193,0
chr19,459235,459359,0
chr1,21882397,21882521,1.1670967741935483
chr2,98021568,98021692,0.72
chr19,2162594,2162718,0.72
chr7,32266891,32267015,0
chr10,116126287,116126411,0.72
chr13,94677316,94677440,0
chr19,14005061,14005185,0.72
chr2,182323863,182323987,0
chr5,113123702,113123826,0
chr22,43791869,43791993,0.72
chr3,140728335,140728459,0
chr21,30572400,30572524,0
chr20,57837284,57837408,0.72
chr10,108060895,108061019,0
chr22,21658168,21658292,1.2947899159663867
chr12,124237986,124238110,0
chr11,70823628,70823752,0
chr2,143909069,143909193,0
chr5,71494315,71494439,0.72
chr2,128319131,128319255,1.069090909090909
chr18,76999642,76999766,0.72
chr20,25280160,25280284,0.9058064516129032
chr19,10816089,10816213,2.0206451612903225
chr1,55556981,55557105,0.72
chr7,1476951,1477075,2.206451612903226
chr1,148808682,148808806,0
chr7,158376226,158376350,1.9625806451612904
chr20,63253973,63254097,0
chr17,49756767,49756891,0.72
chr7,7918886,7919010,0.72
chr7,15923464,15923588,0
chr3,146870506,146870630,0.72
chr1,27195765,27195889,0
chr2,19669789,19669913,0.72
chr9,60855932,60856056,0
chr12,122836003,122836127,1.61258064516129
chr5,53813306,53813430,0.72
chr15,89629448,89629572,0.72
chr14,47887190,47887314,0.72
chr4,71708872,71708996,0
chr19,55925980,55926104,0.72
chr1,201607301,201607425,0
chr8,112186170,112186294,0
chr2,12969040,12969164,0
chr16,23373534,23373658,0.7199999999999999
chr13,22647543,22647667,0
chr9,109244015,109244139,0.72
chr7,32120010,32120134,0
chr7,8257149,8257273,0.72
chr13,23199706,23199830,0.72
chr7,52047250,52047374,0
chr3,89189506,89189630,0.7199999999999999
chr5,10656663,10656787,1.3707692307692307
chr16,48914421,48914545,0.72
chr4,110858708,110858832,0.72
chr8,5086364,5086488,1.132258064516129
chr6,62809006,62809130,0.72
chr3,33590581,33590705,0
chr19,1809417,1809541,0.72
chr19,5615087,5615211,0
chr7,152726850,152726974,0
chr2,29950921,29951045,0
chr2,130135784,130135908,0.7199999999999999
chr17,62907176,62907300,0.72
chr5,81260222,81260346,0
chr3,112080477,112080601,0
chr11,3533566,3533690,0
chr6,18054065,18054189,0
chr6,37277591,37277715,0
chr22,43473956,43474080,1.2658064516129033
chr15,50171607,50171731,0
chr5,149736592,149736716,1.1648780487804875
chr12,101028323,101028447,0
chr2,56365650,56365774,0
chr3,4855994,4856118,0
chr2,239496337,239496461,0
chr20,59353723,59353847,0.72
chr15,75749969,75750093,0
chr11,78902360,78902484,0
chr14,77601798,77601922,0
chr20,4173387,4173511,0.72
chr1,116468705,116468829,0
chr22,21922064,21922188,1.1670967741935483
chr5,4696728,4696852,0
chr22,45123046,45123170,0
chr22,17034748,17034872,0
chr7,159234839,159234963,0.72
chr19,48242323,48242447,0.72
chr7,55247227,55247351,0
chr5,9110818,9110942,0
chr9,45282633,45282757,0
chr12,23030354,23030478,0
chr2,136350474,136350598,0
chr13,64595324,64595448,0
chr13,39285566,39285690,0
chr11,16854126,16854250,1.3432835820895521
chr8,83444799,83444923,0
chr11,58111806,58111930,0.72
chr1,233434491,233434615,0
chr19,13752920,13753044,0
chr6,22775596,22775720,0.72
chr19,6892876,6893000,0
chr7,18022457,18022581,0
chr4,40558791,40558915,0
chr1,74703024,74703148,0
chr7,24066758,24066882,0
chr1,21997507,21997631,2.0029090909090908
chr6,116118110,116118234,0.72
chr5,149944318,149944442,0.72
chr16,66266168,66266292,0
chr7,112360474,112360598,1.2948387096774194
chr16,25183280,25183404,0.72
chr1,37526317,37526441,0.72
chr1,110849178,110849302,0
chr10,5727477,5727601,0
chr1,28391069,28391193,0
chr16,8758560,8758684,1.04
chr1,211193782,211193906,0
chr1,110214027,110214151,0.72
chr17,24728294,24728418,0
chr18,43517190,43517314,0
chr1,76545388,76545512,0
chr8,71939324,71939448,0
chr1,238722619,238722743,0
chr6,103087,103211,0
chr1,40246749,40246873,0.8361290322580646
chr16,8368809,8368933,0
chr4,139876279,139876403,0
chr20,43946662,43946786,1.7239436619718311
chr11,12707842,12707966,0
chr2,62055644,62055768,0.72
chr7,102961360,102961484,0
chr7,150962566,150962690,0.72
chr8,861705,861829,0
chr3,147307728,147307852,0
chr11,30439090,30439214,0
chr14,81016244,81016368,0.72
chr10,25288481,25288605,1.3599999999999999
chr1,5638499,5638623,0
chr12,120629338,120629462,0
chr12,74566642,74566766,15.836612903225808
chr12,118475229,118475353,0
chr8,96732938,96733062,0
chr2,107174601,107174725,0
chr4,16251187,16251311,0
chr3,154528655,154528779,0
chr5,62535347,62535471,0
chr3,110812093,110812217,0
chr7,54728011,54728135,0
chr1,58219171,58219295,0
chr15,59902972,59903096,0.72
chr2,184553379,184553503,0
chr15,43987812,43987936,1.0845569620253164
chr19,26753816,26753940,0
chr2,122479071,122479195,2.6012903225806454
chr1,84984118,84984242,0
chr7,10567661,10567785,0
chr6,139161125,139161249,6.9387096774193555
chr3,69980012,69980136,0.7200000000000001
chr7,33699082,33699206,0.72
chr9,1723239,1723363,0
chr6,147108341,147108465,0.72
chr6,34986221,34986345,0.72
chr5,104674660,104674784,0
chr22,25124068,25124192,0.8709677419354838
chr19,35238976,35239100,0
chr11,127970449,127970573,0
chr13,61108528,61108652,0
chr7,25128972,25129096,0.72
chr14,97527023,97527147,0
chr20,18228043,18228167,0.7200000000000001
chr5,101517305,101517429,0
chr8,61772271,61772395,0.72
chr2,63080759,63080883,0.72
chr2,120066011,120066135,0
chr18,12997061,12997185,0
chr3,56445667,56445791,0.72
chr19,13990202,13990326,1.318064516129032
chr9,132345304,132345428,0
chr2,48094734,48094858,0.72
chr2,181892027,181892151,8.692258064516128
chr13,96053402,96053526,10.34709677419355
chr11,125411891,125412015,0
chr9,105043248,105043372,0.72
chr17,19299946,19300070,0.72
chr19,1860670,1860794,1.2167999999999999
chr4,3390561,3390685,1.2135483870967743
chr3,9299247,9299371,0.72
chr1,27635013,27635137,1.14
chr12,30907656,30907780,0.72
chr7,482808,482932,0
chr5,40123754,40123878,0
chr10,132822086,132822210,1.356
chr1,221062617,221062741,0
chr12,45570248,45570372,0
chr16,68477278,68477402,0
chr16,12703739,12703863,0
chr22,28847022,28847146,0
chr1,241696634,241696758,0
chr8,53783148,53783272,0
chr5,52126628,52126752,0
chr21,31744767,31744891,0
chr17,24052535,24052659,0
chr5,34111907,34112031,0
chr14,30829307,30829431,0.72
chr1,8469808,8469932,0
chr16,11295985,11296109,0.72
chr1,221076433,221076557,0
chr19,40703921,40704045,0
chr2,150793183,150793307,0
chr12,51821525,51821649,1.2135483870967743
chr8,17157016,17157140,3.0019354838709673
chr3,33974619,33974743,0
chr2,26173147,26173271,1.2205714285714286
chr17,29085214,29085338,0
chr6,167171957,167172081,0
chr4,39698012,39698136,21.087419354838712
chr2,113394537,113394661,0
chr12,56783751,56783875,0
chr18,11908776,11908900,2.73483870967742
chr7,100523222,100523346,0.72
chr20,62458091,62458215,2.8741935483870966
chr16,18385260,18385384,0
chr12,93336174,93336298,0
chr4,164826570,164826694,0
chr6,151635999,151636123,0
chr16,35145626,35145750,0.72
chr1,3125689,3125813,1.0894736842105264
chr3,166691020,166691144,1.4611764705882353
chr1,205701928,205702052,0
chr15,41854331,41854455,1.1380645161290324
chr13,39426294,39426418,0
chr11,2996050,2996174,0
chr5,564598,564722,0
chr2,222816895,222817019,0
chr8,10062001,10062125,0.7346938775510203
chr2,238263942,238264066,0.72
chr5,32208588,32208712,0
chr20,52104675,52104799,0
chr12,123488680,123488804,1.4325806451612904
chr5,135834203,135834327,2.8179310344827586
chr17,81959902,81960026,7.252741935483872
chr21,8258093,8258217,0
chr11,1231839,1231963,1.2085714285714284
chr7,4190587,4190711,0
chr17,81196095,81196219,1.98
chr4,1225099,1225223,1.1314285714285715
chr20,35682956,35683080,0
chr16,33603339,33603463,0
chr17,78332386,78332510,2.6303225806451613
chr8,86658917,86659041,0.72
chr2,16109218,16109342,0
chr1,225650703,225650827,0
chr7,43976861,43976985,0
chr1,2207153,2207277,1.9161290322580644
chr17,36183888,36184012,0.72
chr19,6373249,6373373,8.570322580645163
chr16,353030,353154,4.592903225806452
chr14,99041196,99041320,0
chr11,86111231,86111355,0
chr2,69692142,69692266,0
chr4,10116487,10116611,2.438709677419355
chr15,26772370,26772494,0
chr8,143945950,143946074,4.319999999999999
chr1,2333127,2333251,0.72
chr19,371357,371481,0
chr11,60842270,60842394,0.9573626373626373
chr1,162082866,162082990,0
chr3,135622199,135622323,0.72
chr3,197626943,197627067,0
chr13,113800863,113800987,0
chr1,107780375,107780499,0
chr19,22410541,22410665,0
chr2,16015299,16015423,0.72
chr22,43343103,43343227,0.72
chr14,103419893,103420017,0.72
chr9,120366318,120366442,0.72
chr3,91163397,91163521,0
chr21,25498223,25498347,0.72
chr2,121487407,121487531,0
chr5,134669988,134670112,0.72
chr21,8815953,8816077,0
chr1,46346480,46346604,0
chr8,92207633,92207757,0
chr5,113670505,113670629,0
chr13,77380353,77380477,0
chr6,44356667,44356791,0.72
chr13,107573533,107573657,0
chr4,15315377,15315501,0.72
chr6,63300517,63300641,0
chr21,38789752,38789876,0.7200000000000001
chr18,23271149,23271273,0.72
chr8,7769183,7769307,0
chr19,11699322,11699446,0
chr12,65604014,65604138,195.33064516129045
chr3,140843811,140843935,0
chr15,69742192,69742316,0.72
chr15,17083156,17083280,0.72
chr19,14503480,14503604,0.72
chr13,107443221,107443345,0
chr13,110655848,110655972,0
chr2,137795188,137795312,0
chr19,15808379,15808503,0
chr12,111073659,111073783,0
chr7,151781138,151781262,0.72
chr2,60652911,60653035,1.3180645161290323
chr18,50091053,50091177,0.72
chr1,226185143,226185267,0
chr2,151891904,151892028,1.0103225806451612
chr4,176693571,176693695,0
chr9,127051915,127052039,0.7490322580645161
chr7,152384238,152384362,1.1249999999999998
chr9,124488282,124488406,1.7303225806451614
chr2,50802274,50802398,0
chr6,58935375,58935499,0
chr15,30414369,30414493,0
chr5,67998496,67998620,0
chr15,49326483,49326607,0
chr9,95159725,95159849,0
chr20,58789748,58789872,1.4690322580645163
chr19,25086835,25086959,0
chr17,81738188,81738312,1.0219354838709678
chr10,42955841,42955965,0
chr9,101997116,101997240,0.72
chr21,17432291,17432415,0
chr14,104982904,104983028,1.3972881355932203
chr13,53429623,53429747,0
chr19,47274668,47274792,1.17
chr22,48349188,48349312,0.72
chr5,16744600,16744724,0.72
chr13,95078280,95078404,0
chr11,575746,575870,7.362580645161292
chr4,3767111,3767235,0.72
chr10,92674932,92675056,0
chr19,57172033,57172157,0
chr8,12754164,12754288,5.289677419354838
chr5,178267847,178267971,0.9290322580645162
chr1,14773425,14773549,0.72
chr3,15062078,15062202,0
chr11,93947239,93947363,0
chr12,52007197,52007321,0.9473684210526314
chr16,87492500,87492624,0
chr19,531316,531440,2.624516129032258
chr16,32200832,32200956,0
chr16,28463386,28463510,0
chr18,8706881,8707005,0.9290322580645161
chr10,3749616,3749740,0
chr11,71670666,71670790,0
chr4,1515159,1515283,0.72
chr10,118088249,118088373,0.72
chr20,3746011,3746135,1.2890322580645162
chr3,130304441,130304565,0
chr5,58583517,58583641,0
chr6,37728115,37728239,0.72
chr10,66690422,66690546,0
chr8,48128753,48128877,0
chr21,43435874,43435998,0
chr20,36863417,36863541,2.8509677419354844
chr15,101087573,101087697,0.72
chr7,1294580,1294704,2.1425806451612903
chr1,24799632,24799756,0
chr7,5539370,5539494,0.72
