Chromosome,Start,End,Accessibility_Score
chr14,95932304,95932428,0.72
chr4,67382177,67382301,0
chr14,24698431,24698555,0.8007476635514018
chr7,122137791,122137915,0
chr3,172666108,172666232,0.72
chr18,76874462,76874586,1.48390243902439
chr8,53783195,53783319,0
chr8,887604,887728,0
chr9,69585674,69585798,0
chr8,142712388,142712512,0
chr10,12475892,12476016,3.5535483870967743
chr14,42181485,42181609,0
chr5,53813354,53813478,0.72
chr1,113070126,113070250,0
chr13,56100775,56100899,0
chr14,21444006,21444130,0
chr15,53726369,53726493,0
chr18,48751995,48752119,0
chr5,45653340,45653464,0.72
chr3,153857674,153857798,0
chr12,84210625,84210749,1.0916129032258064
chr1,233879562,233879686,0
chr2,6990554,6990678,0
chr14,82927068,82927192,0
chr12,84066793,84066917,0
chr16,6898962,6899086,0
chr6,86257140,86257264,0
chr8,144195413,144195537,0
chr1,109461309,109461433,0
chr17,77402311,77402435,1.3874999999999997
chr4,139447037,139447161,0
chr21,45847596,45847720,0
chr9,113460855,113460979,0
chr9,87887293,87887417,1.2483870967741935
chr9,129665141,129665265,0.72
chr17,55261192,55261316,0.72
chr3,122369417,122369541,0
chr1,41914096,41914220,0.72
chr6,145098083,145098207,0
chr4,184881600,184881724,0.72
chr10,68330816,68330940,0.72
chr3,192370417,192370541,0
chr1,236922225,236922349,1.1670967741935483
chr3,144258671,144258795,0
chr1,158545275,158545399,0.72
chr7,158524044,158524168,0
chr6,6187890,6188014,0
chr6,24421242,24421366,0
chr5,7797661,7797785,0.72
chr2,229469402,229469526,1.5096774193548386
chr9,3924459,3924583,0
chr4,156956834,156956958,0
chr16,62831720,62831844,0
chr4,54190186,54190310,0
chr12,81823787,81823911,0
chr17,24535660,24535784,0
chr9,34875028,34875152,0
chr21,11933716,11933840,0
chr12,31523254,31523378,0
chr7,33921766,33921890,1.724516129032258
chr4,53677347,53677471,0
chr11,48526212,48526336,0
chr6,121887075,121887199,0
chr7,61672310,61672434,0
chr11,18435877,18436001,0
chr18,9626237,9626361,0
chr13,94616382,94616506,0.72
chr17,33964144,33964268,0.72
chr14,77319111,77319235,1.7012903225806453
chr10,35135629,35135753,0.72
chr14,74742001,74742125,1.027741935483871
chr6,74340082,74340206,0
chr6,57844126,57844250,0
chr10,1409835,1409959,0
chr18,47113929,47114053,0
chr3,112109428,112109552,1.9393548387096775
chr12,94832814,94832938,0
chr1,246402372,246402496,0
chr9,102651074,102651198,0
chr7,113791902,113792026,0
chr3,168654769,168654893,1.0219354838709678
chr3,42876151,42876275,0
chr10,59802117,59802241,0
chr13,100024933,100025057,0
chr3,74813169,74813293,0
chr2,118023801,118023925,0.72
chr5,16476201,16476325,0
chr6,88691493,88691617,0
chr5,58830375,58830499,0
chr9,1420168,1420292,0
chr2,231847319,231847443,0
chr12,49131311,49131435,8.140645161290324
chr11,43609539,43609663,0.72
chr4,187187625,187187749,0
chr8,52504716,52504840,0.72
chr7,120308215,120308339,0.7200000000000001
chr6,24771238,24771362,1.6395180722891565
chr6,142022110,142022234,0.7200000000000001
chr6,127423540,127423664,0
chr11,55610012,55610136,0
chr16,25183142,25183266,0
chr1,32259417,32259541,0
chr21,31744684,31744808,0
chr11,72555057,72555181,0
chr10,69139119,69139243,0
chr1,56824860,56824984,0.72
chr4,159804882,159805006,0
chr9,43498934,43499058,0
chr7,18022462,18022586,0
chr6,124717015,124717139,0
chr5,127613877,127614001,0
chr8,130653880,130654004,0
chr11,7658181,7658305,0
chr3,72996882,72997006,7.548387096774195
chr13,61181323,61181447,0
chr5,157706119,157706243,0
chr13,81317538,81317662,0
chr5,136303584,136303708,0
chr11,128871522,128871646,1.3587096774193548
chr11,11922443,11922567,0
chr14,48313576,48313700,0
chr3,187302272,187302396,0
chr2,92045891,92046015,0
chr3,125117815,125117939,0
chr2,28996778,28996902,0
chr12,71034201,71034325,1.3499999999999996
chr9,124503056,124503180,1.1314285714285715
chr1,202013223,202013347,1.42875
chr9,27402739,27402863,0
chr5,130560064,130560188,0
chr14,38752782,38752906,0
chr12,98773785,98773909,0.7300000000000001
chr6,120181150,120181274,0
chr10,101464228,101464352,0
chr7,107568377,107568501,0
chr4,14080918,14081042,0.8626415094339622
chr4,100427153,100427277,0
chr5,79592568,79592692,0
chr16,56326442,56326566,1.0542857142857143
chr19,18534560,18534684,0.9522580645161289
chr3,133268378,133268502,0.72
chr6,56464627,56464751,0
chr3,48915004,48915128,0
chr2,50449630,50449754,0
chr10,80383627,80383751,0
chr17,43045289,43045413,0
chr14,81016221,81016345,0.72
chr1,82979636,82979760,0.72
chr3,186189121,186189245,0
chr1,233119058,233119182,0
chr14,62859414,62859538,0
chr15,29171236,29171360,0
chr7,7946891,7947015,0
chr11,37466804,37466928,0
chr7,8281397,8281521,0
chr21,15586607,15586731,0
chr3,58916560,58916684,0
chr8,29321859,29321983,0.72
chr21,17099930,17100054,0
chr10,29068051,29068175,0
chr5,10618139,10618263,0
chr16,17282439,17282563,0
chr5,50361675,50361799,0
chr12,89666889,89667013,0
chr7,88592369,88592493,0
chr13,77380378,77380502,0
chr3,190584232,190584356,0.72
chr2,241942675,241942799,0
chr5,125217643,125217767,0
chr6,76982259,76982383,0
chr3,147309072,147309196,0.72
chr15,96959973,96960097,0
chr6,147353817,147353941,0.7199999999999999
chr22,19365553,19365677,0.72
chr3,42705891,42706015,0.72
chr1,118485156,118485280,0
chr4,189818496,189818620,0
chr20,46306195,46306319,3.466451612903226
chr7,87480233,87480357,0.72
chr20,56146750,56146874,0
chr2,58398794,58398918,0
chr21,31566697,31566821,0.72
chr22,28964818,28964942,0
chr5,40123749,40123873,0
chr17,69055661,69055785,0
chr19,10136497,10136621,0
chr17,61929246,61929370,0.72
chr14,40979977,40980101,0
chr7,32313267,32313391,0
chr1,148808634,148808758,0
chr6,98245797,98245921,0
chr3,138625279,138625403,0
chr15,99168776,99168900,15.613548387096781
chr7,159077968,159078092,0
chr9,38284894,38285018,0
chr19,58147492,58147616,0
chr14,18091778,18091902,0
chr4,89273815,89273939,2.0787096774193548
chr7,54720730,54720854,0.7200000000000001
chr3,80693470,80693594,0.72
chr4,24676781,24676905,0
chr17,55304010,55304134,2.920645161290323
chr19,14005026,14005150,0
chr5,106962117,106962241,0
chr13,107573513,107573637,0
chr13,57399315,57399439,0
chr5,144137754,144137878,0
chr1,113151568,113151692,0
chr8,77583070,77583194,0
chr6,139536890,139537014,0
chr11,64444257,64444381,0
chr15,79023988,79024112,0
chr3,159287160,159287284,0
chr11,129136559,129136683,0
chr6,91909097,91909221,0
chr1,72074909,72075033,0
chr9,109244040,109244164,0.72
chr6,57327810,57327934,0.72
chr6,3758441,3758565,0
chr6,119417749,119417873,0
chr5,177441819,177441943,0
chr16,22535508,22535632,0
chr7,2725398,2725522,1.31625
chr17,36837306,36837430,1.44
chr9,67915070,67915194,0
chr16,72986633,72986757,0
chr19,36358096,36358220,0
chr20,55032278,55032402,0
chr2,237517423,237517547,0.7200000000000001
chr22,12979152,12979276,0
chr10,38901562,38901686,0
chr8,108756661,108756785,0
chr21,7945203,7945327,0
chr1,11465181,11465305,0
chr10,57767697,57767821,0
chr4,53287925,53288049,0
chr14,75540780,75540904,0
chr14,70621465,70621589,1.44
chr5,96079271,96079395,16.530967741935484
chr4,110851401,110851525,1.2599999999999998
chr9,61448663,61448787,0
chr6,387167,387291,0
chr6,79325672,79325796,0
chr7,94776614,94776738,0
chr4,6733498,6733622,0
chr9,9134549,9134673,0
chr7,19312359,19312483,0
chr9,135965759,135965883,0
chr17,38592553,38592677,1.5600000000000003
chr19,2252940,2253064,2.758064516129032
chr1,113530668,113530792,0
chr1,87943845,87943969,0.72
chr3,13567809,13567933,0
chr2,216558428,216558552,0.72
chr11,65712120,65712244,12.280645161290334
chr20,1165233,1165357,0
chr17,63253770,63253894,0.72
chr1,84761960,84762084,0.72
chr7,101626628,101626752,0
chr9,114098331,114098455,1.0393548387096774
chr19,4542939,4543063,0.72
chr5,10239140,10239264,0
chr8,103027321,103027445,0.72
chr14,92582117,92582241,0.72
chr5,160946500,160946624,0
chr4,27058603,27058727,0
chr12,132314062,132314186,0
chr14,106758047,106758171,0
chr17,72132181,72132305,0
chr5,113845499,113845623,0
chr16,22622415,22622539,0
chr13,48010850,48010974,0
chr17,42260461,42260585,0
chr11,91755570,91755694,0.72
chr19,5904090,5904214,25.528387096774203
chr4,6308793,6308917,0.72
chr9,112560836,112560960,0
chr2,241078250,241078374,0
chr18,52007095,52007219,0
chr10,112908286,112908410,0.72
chr5,91666417,91666541,0
chr1,110971624,110971748,0
chr22,15775202,15775326,0
chr6,58695299,58695423,0
chr1,5603731,5603855,0
chr6,50192579,50192703,0
chr20,63393307,63393431,0.72
chr3,127587180,127587304,0.7199999999999999
chr11,102303968,102304092,0.72
chr20,63158297,63158421,3.0135483870967743
chr17,39552822,39552946,0.8800000000000001
chr3,115688068,115688192,0.72
chr2,98820050,98820174,0
chr7,54379852,54379976,0
chr14,64486114,64486238,0
chr17,5600828,5600952,0
chr7,66159773,66159897,0
chr2,109137795,109137919,0.72
chr5,134245300,134245424,9.098709677419354
chr4,116746222,116746346,0
chr1,164612065,164612189,2.6175700934579447
chr1,12540418,12540542,0.72
chr1,37690656,37690780,15.500725806451614
chr8,112166489,112166613,0
chr1,13328144,13328268,0
chr16,34987908,34988032,0
chr1,195321491,195321615,0
chr8,132373193,132373317,0.72
chr1,123316181,123316305,0
chr14,53904285,53904409,0.72
chr11,76287916,76288040,0
chr6,25223057,25223181,0
chr12,93061563,93061687,0
chr2,14761866,14761990,0.7200000000000001
chr2,213856726,213856850,0.72
chr19,53878444,53878568,0
chr4,21493440,21493564,0
chr2,121487365,121487489,0.72
chr4,46384284,46384408,0
chr1,216025609,216025733,0
chr1,159717782,159717906,0
chr3,55266928,55267052,0
chr2,217889940,217890064,0.824516129032258
chr10,7213849,7213973,0.72
chr19,41246065,41246189,0.72
chr10,95869019,95869143,1.44
chr8,34804799,34804923,0
chr6,88175978,88176102,0
chr3,146870388,146870512,0
chr10,132462644,132462768,0.72
chr6,98435935,98436059,0
chr1,68123990,68124114,0
chr6,31891875,31891999,0.72
chr13,67688931,67689055,0
chr21,32927016,32927140,0
chr2,197196031,197196155,0.72
chr1,146457805,146457929,0
chr1,171446832,171446956,1.1032258064516127
chr14,69473962,69474086,0
chr1,5884650,5884774,0
chr19,5229711,5229835,2.4387096774193546
chr8,66541827,66541951,1.3188118811881189
chr1,202628155,202628279,0
chr20,19616008,19616132,0
chr13,22904062,22904186,0
chr3,45301823,45301947,0
chr10,110562816,110562940,0
chr10,69091018,69091142,0.72
chr17,19445447,19445571,0
chr8,84444894,84445018,0
chr1,27195715,27195839,0
chr10,69331986,69332110,0
chr16,29699794,29699918,1.256
chr2,73680788,73680912,0.72
chr5,21300825,21300949,0
chr6,78566800,78566924,0
chr1,9874156,9874280,0
chr1,226028782,226028906,0.72
chr15,28859097,28859221,0
chr4,175893358,175893482,0.72
chr22,29488992,29489116,0.72
chr18,63633796,63633920,0
chr12,112162479,112162603,2.0538709677419353
chr6,47358080,47358204,0
chr5,10670346,10670470,1.3529032258064517
chr11,79928167,79928291,0
chr19,23947074,23947198,0
chr4,182286025,182286149,1.004516129032258
chr14,74633839,74633963,1.2832258064516129
chr6,91317433,91317557,0
chr17,25792912,25793036,0
chr9,33981594,33981718,0
chr15,38665092,38665216,1.265806451612903
chr9,1723244,1723368,0
chr3,47169690,47169814,0
chr14,100567735,100567859,0.72
chr10,32835520,32835644,0
chr6,155332372,155332496,0.72
chr21,16911959,16912083,0.7258064516129031
chr6,95766831,95766955,0
chr12,65220469,65220593,0
chr20,3604812,3604936,0.72
chr6,2244098,2244222,0.72
chr2,32853183,32853307,1.0509677419354837
chr7,159234782,159234906,0.72
chr12,39955829,39955953,0.72
chr7,138782880,138783004,0
chr3,37746242,37746366,0
chr17,10101286,10101410,0.7200000000000001
chr4,102512569,102512693,0
chr12,42544411,42544535,0.72
chr3,142236494,142236618,0
chr6,40393412,40393536,0
chr4,93371721,93371845,0
chr9,78125453,78125577,0.72
chr2,36591212,36591336,0.7199999999999999
chr17,18909986,18910110,0
chr13,104039566,104039690,0.72
chr3,75355854,75355978,0
chr10,36123915,36124039,0
chr1,103006502,103006626,0
chr6,51183889,51184013,0
chr10,21415325,21415449,0
chr8,94115611,94115735,3.6290322580645165
chr7,137226380,137226504,0
chr9,123933525,123933649,14.058225806451613
chr20,9683685,9683809,0
chr2,219386272,219386396,2.0460000000000003
chr14,90357209,90357333,0.72
chr11,71751342,71751466,0
chr13,93827736,93827860,0
chr5,65364513,65364637,2.990322580645161
chr5,28200180,28200304,0
chr2,46021483,46021607,0.72
chr7,21089786,21089910,0
chr1,20715388,20715512,0.72
chr5,130317037,130317161,0.72
chr7,44595246,44595370,0
chr3,50302390,50302514,0.72
chr4,24434539,24434663,0
chr5,70297666,70297790,0
chr12,131124865,131124989,0.73
chr8,58452150,58452274,0.72
chr12,101028256,101028380,0.73
chr5,15498708,15498832,0
chr1,214996872,214996996,0
chr2,67685095,67685219,0
chr11,88150226,88150350,0
chr3,87660971,87661095,0
chr6,147967522,147967646,0.72
chr5,2747913,2748037,0.72
chr11,64809332,64809456,0
chr3,111578297,111578421,1.0256603773584905
chr12,13444407,13444531,0
chr12,105043169,105043293,0
chr12,98868500,98868624,0
chr5,9720094,9720218,0
chr2,227953470,227953594,0
chr6,59753071,59753195,0
chr5,98320518,98320642,1.7070967741935483
chr2,181878011,181878135,0
chr14,47053473,47053597,0
chr16,33532030,33532154,0
chr3,4856069,4856193,0
chr9,915446,915570,0
chr17,60946769,60946893,0.72
chr1,185708863,185708987,0
chr3,82635310,82635434,0
chr8,76338487,76338611,0.72
chr9,62396787,62396911,0
chr3,31504043,31504167,0
chr5,149736572,149736696,1.3990243902439023
chr13,100899671,100899795,0.8883870967741936
chr11,335348,335472,0
chr9,45282593,45282717,0
chr6,32472770,32472894,1.161290322580645
chr1,87933288,87933412,0
chr15,29525055,29525179,0
chr4,24538412,24538536,0
chr13,54800346,54800470,0.7838709677419354
chr2,177562065,177562189,0.72
chr3,60071228,60071352,0
chr1,124295607,124295731,0
chr1,243194156,243194280,0
chr22,28140910,28141034,1.44
chr3,57537300,57537424,0
chr11,33894148,33894272,0.72
chr12,27092820,27092944,0
chr6,53812223,53812347,0
chr6,31845906,31846030,1.2941772151898734
chr1,42586713,42586837,0
chr2,133282317,133282441,0.7199999999999999
chr19,36305498,36305622,0
chr6,126247008,126247132,0
chr6,63137301,63137425,0.72
chr12,72414731,72414855,0.72
chr21,38563073,38563197,0.72
chr4,67642680,67642804,0.7199999999999999
chr19,4078479,4078603,1.44
chr4,2963879,2964003,7.920000000000001
chr15,29424715,29424839,1.1496774193548387
chr8,90314459,90314583,0
chr6,46823180,46823304,4.772903225806453
chr9,117085751,117085875,0
chr16,36340758,36340882,0
chr13,69018391,69018515,0
chr12,15234530,15234654,0
chr22,12286818,12286942,0
chr1,114090842,114090966,0
chr3,76274547,76274671,0
chr11,77543930,77544054,0
chr16,79041631,79041755,0.72
chr6,113819819,113819943,0
chr3,161108926,161109050,18.720403225806454
chr7,151356128,151356252,0
chr1,227708142,227708266,0.8361290322580646
chr8,63134695,63134819,0.72
chr14,80356186,80356310,0.72
chr10,12601361,12601485,0
chr14,96595440,96595564,1.056
chr16,20218058,20218182,0
chr14,16465752,16465876,0
chr12,66480232,66480356,0
chr18,69094225,69094349,0
chr1,21947991,21948115,0
chr21,34838656,34838780,0
chr10,52251452,52251576,0
chr9,131564376,131564500,0.72
chr15,93947273,93947397,0
chr4,1456989,1457113,0
chr8,7470497,7470621,0
chr10,22612992,22613116,0
chr11,56315543,56315667,0
chr8,37358777,37358901,0
chr14,64315969,64316093,0
chr14,62654866,62654990,0
chr5,71259469,71259593,0
chr18,2315770,2315894,0.72
chr4,25849955,25850079,0
chr12,53837070,53837194,0
chr1,13678198,13678322,0
chr2,25265100,25265224,0
chr5,179921264,179921388,0.72
chr20,18876521,18876645,0
chr1,84773000,84773124,0.72
chr17,28330061,28330185,0
chr8,1947165,1947289,0.72
chr9,60886598,60886722,0
chr10,116239189,116239313,0
chr20,23164740,23164864,0
chr3,172807301,172807425,0.72
chr16,18116042,18116166,0
chr19,29042422,29042546,0
chr13,68341437,68341561,0
chr11,129215939,129216063,0.72
chr4,178557975,178558099,0.72
chr6,79633776,79633900,0
chr15,101597455,101597579,0
chr1,224348377,224348501,0
chr7,75576249,75576373,0
chr2,12969032,12969156,0
chr21,38625767,38625891,0
chr4,176693563,176693687,0
chr6,126482932,126483056,0
chr5,131545524,131545648,0
chr2,122479044,122479168,2.641935483870968
chr5,149954159,149954283,0.72
chr19,41166059,41166183,0
chr6,101391442,101391566,0.72
chr14,97338309,97338433,0
chr12,112771007,112771131,0
chr1,238722569,238722693,0
chr11,53678324,53678448,0
chr7,31476365,31476489,0.72
chr11,57410689,57410813,0.7487999999999999
chr22,11460275,11460399,0
chr18,5108000,5108124,0
chr4,39449131,39449255,0.72
chr21,38789767,38789891,0.72
chr5,168526063,168526187,1.312258064516129
chr3,176873220,176873344,0.72
chr22,33884520,33884644,0.72
chr1,5427556,5427680,0
chr2,10057798,10057922,0.8941935483870967
chr10,44823153,44823277,0.72
chr1,153354161,153354285,0
chr11,115242644,115242768,0
chr1,55623355,55623479,0
chr12,99920494,99920618,0
chr13,33853167,33853291,0
chr6,39844280,39844404,0.72
chr2,58912172,58912296,0
chr22,38730604,38730728,0.8198019801980198
chr5,114523318,114523442,0
chr11,33799426,33799550,0
chr8,102050178,102050302,0
chr2,189318944,189319068,2.8799999999999994
chr5,6749152,6749276,0.72
chr21,14904410,14904534,0.72
chr4,17146169,17146293,0
chr16,53735405,53735529,0
chr22,33881273,33881397,0
chr2,128936166,128936290,0
chr6,168914301,168914425,1.9565217391304348
chr17,80058361,80058485,0
chr13,110645590,110645714,1.0858064516129031
chr22,45278779,45278903,0
chr7,152726820,152726944,0
chr2,47567459,47567583,1.1544827586206896
chr18,4782992,4783116,0.72
chr8,66529059,66529183,0.72
chr1,234236187,234236311,0.72
chr5,101517290,101517414,0
chr1,97666738,97666862,0
chr7,148277534,148277658,0
chr4,4088337,4088461,0
chr6,117582874,117582998,1.289032258064516
chr2,9388266,9388390,0.72
chr2,157482758,157482882,0.72
chr4,50052377,50052501,0
chr8,979301,979425,0.72
chr11,35428021,35428145,0
chr15,80032116,80032240,0.72
chr5,74254693,74254817,0.72
chr11,74278802,74278926,7.687741935483871
chr15,91808544,91808668,1.289032258064516
chr4,91020531,91020655,0
chr1,101277187,101277311,0
chr1,89531108,89531232,0.72
chr22,24525614,24525738,5.173548387096774
chr3,106097161,106097285,0
chr3,40436515,40436639,0.72
chr14,36027242,36027366,0
chr6,21750781,21750905,0
chr1,16042332,16042456,1.0741935483870968
chr3,66071959,66072083,0.72
chr16,2969345,2969469,4.610322580645161
chr3,113806529,113806653,0
chr8,7741444,7741568,0
chr15,32482036,32482160,0
chr10,116126329,116126453,0.72
chr20,25042957,25043081,1.1787096774193548
chr2,233411622,233411746,0.7200000000000001
chr8,58191234,58191358,0
chr5,34080011,34080135,0
chr4,69153757,69153881,0
chr4,25025743,25025867,0
chr2,234486553,234486677,0
chr14,17169153,17169277,0
chr2,199158191,199158315,0
chr16,73944994,73945118,0
chr2,29603436,29603560,0
chr9,23587862,23587986,0
chr17,7601132,7601256,0
chr14,40043225,40043349,0
chr1,146201048,146201172,0
chr1,114448421,114448545,0.72
chr5,68770811,68770935,0.72
chr16,83602717,83602841,0.72
chr9,2134537,2134661,0.72
chr3,194868945,194869069,0.822
chr7,96815724,96815848,0
chr7,2976987,2977111,0.72
chr7,78176217,78176341,0
chr8,137755315,137755439,0
chr1,6913320,6913444,1.8929032258064518
chr1,240259791,240259915,0
chr17,61369622,61369746,0
chr9,6790962,6791086,0
chr9,104883180,104883304,0
chr1,2212375,2212499,2.421290322580645
chr18,8327552,8327676,0.72
chr17,46858127,46858251,0
chr5,15733869,15733993,0
chr2,96251769,96251893,25.017983870967743
chr1,4209241,4209365,0
chr15,23423486,23423610,0.72
chr11,27335689,27335813,0
chr5,122915718,122915842,1.8174193548387099
chr19,35339127,35339251,0.72
chr18,51321921,51322045,0.72
chr3,184060033,184060157,0.832
chr1,166989539,166989663,0
chr11,55544229,55544353,0
chr12,26395468,26395592,0
chr4,47169299,47169423,0
chr12,12658800,12658924,0
chr5,12121144,12121268,0
chr11,54868412,54868536,0
chr22,30064730,30064854,0
chr19,17371695,17371819,0
chr17,50530064,50530188,0.72
chr13,34153684,34153808,0
chr12,37383791,37383915,0
chr15,74748713,74748837,0.72
chr6,1734181,1734305,0
chr6,146706195,146706319,0
chr11,115327568,115327692,0.72
chr6,143798896,143799020,0
chr3,122841238,122841362,0
chr12,91591707,91591831,0
chr11,130279890,130280014,0
chr12,84573326,84573450,0
chr11,30273828,30273952,0
chr1,116468670,116468794,0
chr3,88685679,88685803,0.72
chr1,29779482,29779606,0.72
chr10,111435345,111435469,0.72
chr2,48085912,48086036,0
chr12,88496219,88496343,0
chr5,77345819,77345943,0
chr2,133028831,133028955,0
chr4,94929771,94929895,0
chr1,29471170,29471294,1.0266666666666666
chr2,70039226,70039350,0.72
chr6,108944953,108945077,0
chr2,74337261,74337385,0
chr12,80272772,80272896,0
chr4,14101456,14101580,0
chr14,32372241,32372365,6.869032258064518
chr1,107780415,107780539,0
chr14,35851461,35851585,0
chr5,28039892,28040016,0
chr22,13810517,13810641,0
chr7,38063925,38064049,0
chr6,104122563,104122687,0.72
chr2,161739070,161739194,0
chr9,130078550,130078674,0.7606451612903224
chr5,34111897,34112021,0
chr17,4967742,4967866,19.367258064516136
chr5,80147452,80147576,0.72
chr1,116492733,116492857,0.72
chr22,50260963,50261087,4.778709677419355
chr3,24713723,24713847,0
chr1,228319556,228319680,0
chr9,114062412,114062536,0.72
chr6,6581176,6581300,0
chr22,25722845,25722969,0.72
chr13,81616221,81616345,0
chr5,143247448,143247572,0
chr12,1796650,1796774,0.876774193548387
chr10,690877,691001,0.72
chr2,239432958,239433082,0.72
chr3,172673848,172673972,0.7199999999999999
chr2,44634577,44634701,0
chr4,14399283,14399407,0.7199999999999999
chr11,18813011,18813135,0.72
chr1,167321242,167321366,0
chr12,57737083,57737207,35.696451612903246
chr10,126251636,126251760,0.72
chr15,58836230,58836354,0
chr11,33282175,33282299,0
chr11,47340054,47340178,1.5387096774193547
chr22,25791351,25791475,0
chr2,148510366,148510490,0
chr20,31083701,31083825,0
chr5,139709582,139709706,0
