Chromosome,Start,End,Accessibility_Score
chr1,234132118,234132242,0
chr1,32377831,32377955,0
chr1,236985336,236985460,1.2425806451612904
chr1,217720719,217720843,0
chr1,79698663,79698787,0
chr1,92424884,92425008,0
chr1,239256747,239256871,0
chr1,185421764,185421888,0.72
chr1,11826644,11826768,1.0219354838709678
chr1,98409305,98409429,0.7199999999999999
chr1,5064605,5064729,0
chr1,237263639,237263763,0
chr1,44340687,44340811,0.72
chr1,110615196,110615320,0
chr1,53785860,53785984,0
chr1,45870314,45870438,0.72
chr1,171171477,171171601,0
chr1,46601513,46601637,0
chr1,4208995,4209119,0
chr1,60310311,60310435,0
chr1,12077597,12077721,1.2413793103448274
chr1,226997247,226997371,0
chr1,182682112,182682236,0
chr1,8574609,8574733,0
chr1,53543031,53543155,2.2180645161290324
chr1,236524602,236524726,2.71741935483871
chr1,2633260,2633384,1.0110638297872339
chr1,235283428,235283552,0
chr1,16386393,16386517,15.764516129032264
chr1,184809188,184809312,0.72
chr1,1982764,1982888,2.2761290322580647
chr1,10135356,10135480,0
chr1,202245443,202245567,1.272
chr1,24253593,24253717,1.7825806451612904
chr1,94669627,94669751,0
chr1,56942626,56942750,0
chr1,242403021,242403145,0.72
chr1,8519265,8519389,0.72
chr1,238387137,238387261,0
chr1,39929833,39929957,0
chr1,79163115,79163239,0
chr1,31976890,31977014,0
chr1,229889229,229889353,0
chr1,44611582,44611706,0.72
chr1,70843246,70843370,0.72
chr1,117464622,117464746,0.72
chr1,89277309,89277433,0
chr1,194237990,194238114,0
chr1,29590781,29590905,1.6615384615384614
chr1,164629378,164629502,0.72
chr1,96212042,96212166,0
chr1,88372062,88372186,0.72
chr1,239356982,239357106,0
chr1,33239405,33239529,0
chr1,43443197,43443321,0.72
chr1,144137714,144137838,0
chr1,111050202,111050326,0
chr1,181122257,181122381,0
chr1,36094931,36095055,1.135135135135135
chr1,161365728,161365852,0
chr1,43782541,43782665,0
chr1,119018820,119018944,0
chr1,183505244,183505368,0
chr1,230620240,230620364,0.72
chr1,28881167,28881291,0.72
chr1,224104095,224104219,0
chr1,143372964,143373088,0
chr1,39143717,39143841,0.72
chr1,104562906,104563030,0
chr1,202540396,202540520,0.72
chr1,78003629,78003753,0.7200000000000001
chr1,13708515,13708639,0
chr1,72506476,72506600,0
chr1,11750362,11750486,0.824516129032258
chr1,88871121,88871245,0
chr1,89456079,89456203,0.72
chr1,206186730,206186854,0
chr1,144987487,144987611,0
chr1,70076168,70076292,0
chr1,216241277,216241401,0
chr1,245009378,245009502,0
chr1,63848054,63848178,0
chr1,103306702,103306826,0.72
chr1,168279483,168279607,0
chr1,40904394,40904518,0.72
chr1,248337568,248337692,0
chr1,189137525,189137649,0
chr1,65283193,65283317,0.7199999999999999
chr1,148977322,148977446,0
chr1,32906902,32907026,0
chr1,189875517,189875641,0.72
chr1,17056787,17056911,0
chr1,33612069,33612193,0
chr1,224534118,224534242,0
chr1,148782882,148783006,0
chr1,53857661,53857785,0
chr1,151148408,151148532,0
chr1,69369825,69369949,0
chr1,167677808,167677932,0
chr1,64655294,64655418,0.72
chr1,177209631,177209755,6.0038709677419355
chr1,186432801,186432925,1.2352293577981652
chr1,96432435,96432559,0
chr1,195335852,195335976,0.72
chr1,39363231,39363355,0
chr1,43019573,43019697,0
chr1,61584955,61585079,0
chr1,243176988,243177112,0
chr1,188236449,188236573,0.72
chr1,152701020,152701144,0.72
chr1,32330300,32330424,0.72
chr1,105728629,105728753,0
chr1,229594539,229594663,1.2077419354838708
chr1,65496811,65496935,0
chr1,144028380,144028504,0
chr1,243080344,243080468,0
chr1,87916233,87916357,0.72
chr1,52562527,52562651,0.72
chr1,37930355,37930479,1.823225806451613
chr1,74751204,74751328,0.72
chr1,220950469,220950593,0
chr1,154825463,154825587,0
chr1,66413218,66413342,0.72
chr1,204469111,204469235,0
chr1,39411380,39411504,2.8625806451612905
chr1,70707061,70707185,0
chr1,171518101,171518225,0
chr1,225799983,225800107,0.72
chr1,107299982,107300106,0
chr1,34095578,34095702,0
chr1,237956415,237956539,0
chr1,157861837,157861961,0
chr1,173503510,173503634,1.9625806451612904
chr1,190535159,190535283,0
chr1,97116030,97116154,0.7200000000000001
chr1,184248521,184248645,0.72
chr1,72426755,72426879,0
chr1,55167728,55167852,0
chr1,177287291,177287415,0
chr1,25054516,25054640,0
chr1,227248067,227248191,0
chr1,57461050,57461174,0
chr1,92293349,92293473,0
chr1,211458311,211458435,0
chr1,1648479,1648603,0
chr1,236156452,236156576,1.770967741935484
chr1,112515215,112515339,2.41
chr1,177644887,177645011,0
chr1,227219166,227219290,0.72
chr1,83960237,83960361,1.852258064516129
chr1,61766506,61766630,0.72
chr1,165790041,165790165,0
chr1,174351304,174351428,0
chr1,221263796,221263920,2.4428571428571435
chr1,3872046,3872170,0.9415384615384615
chr1,21359417,21359541,0
chr1,112729052,112729176,0
chr1,167376895,167377019,0
chr1,157462129,157462253,0
chr1,147752012,147752136,0.72
chr1,195836540,195836664,0
chr1,30502432,30502556,0.72
chr1,81584209,81584333,0
chr1,51817958,51818082,0
chr1,158950027,158950151,0.72
chr1,223863046,223863170,0
chr1,212294124,212294248,0
chr1,105542867,105542991,0
chr1,144145649,144145773,0
chr1,68890863,68890987,0
chr1,197596946,197597070,0
chr1,21930078,21930202,1.1880000000000002
chr1,16102036,16102160,0.72
chr1,160845564,160845688,0
chr1,76386044,76386168,0.72
chr1,217566975,217567099,0
chr1,107060264,107060388,0.72
chr1,41601234,41601358,0
chr1,9841346,9841470,1.4748387096774191
chr1,120789395,120789519,0
chr1,230289680,230289804,0
chr1,70080440,70080564,0.72
chr1,175681688,175681812,0.72
chr1,114482951,114483075,0.72
chr1,174348558,174348682,0
chr1,88525440,88525564,0
chr1,110529827,110529951,0.72
chr1,82544760,82544884,0
chr1,193792559,193792683,0
chr1,17143773,17143897,0.72
chr1,179699183,179699307,0
chr1,75115327,75115451,0
chr1,189102242,189102366,6.718064516129033
chr2,36631625,36631749,0.72
chr2,134701597,134701721,0
chr2,159209483,159209607,0.72
chr2,142041249,142041373,2.7870967741935484
chr2,180886678,180886802,0
chr2,61181070,61181194,0.772258064516129
chr2,111285541,111285665,0
chr2,199743005,199743129,0
chr2,181419121,181419245,0
chr3,112136927,112137051,1.4574193548387098
chr3,113065068,113065192,0
chr3,139433959,139434083,0
chr3,153732767,153732891,0
chr3,114591744,114591868,0
chr3,192772437,192772561,0.7200000000000001
chr3,121494513,121494637,0
chr4,19342220,19342344,0
chr4,157666423,157666547,0.72
chr4,49260717,49260841,0
chr4,30024674,30024798,0.72
chr4,139667058,139667182,0
chr4,104584651,104584775,0.72
chr4,127474795,127474919,0
chr4,57312390,57312514,0
chr4,42685569,42685693,0
chr4,63028526,63028650,0
chr4,59476036,59476160,0
chr4,33077339,33077463,0
chr4,147506562,147506686,0
chr4,8388926,8389050,12.454838709677421
chr4,70394699,70394823,0.72
chr4,129294680,129294804,0.72
chr4,154829044,154829168,0
chr4,29259675,29259799,1.1554838709677417
chr4,112299325,112299449,0
chr4,90221844,90221968,0
chr4,128848180,128848304,0
chr4,132079079,132079203,0
chr4,174221346,174221470,0
chr4,140964795,140964919,1.128
chr4,146529066,146529190,0.72
chr4,100258078,100258202,0
chr4,114145171,114145295,0.72
chr4,131975387,131975511,1.2019354838709675
chr4,142443300,142443424,0
chr5,58330001,58330125,0
chr5,90040215,90040339,0
chr5,78660099,78660223,0.72
chr5,27745848,27745972,1.3277922077922077
chr5,165029934,165030058,0
chr5,8856148,8856272,0
chr5,28706557,28706681,0
chr5,4047630,4047754,0.72
chr5,43013013,43013137,1.056774193548387
chr5,448322,448446,0
chr5,11273265,11273389,0
chr5,143598583,143598707,0.72
chr5,43393644,43393768,0
chr5,179710805,179710929,0
chr5,170509609,170509733,0
chr5,150042273,150042397,0.7199999999999999
chr5,130573935,130574059,0
chr5,37427360,37427484,0.72
chr5,116926774,116926898,0
chr5,101726505,101726629,0
chr5,161110431,161110555,0
chr5,67480480,67480604,0.72
chr5,62361084,62361208,0
chr5,37304347,37304471,0.72
chr5,88706427,88706551,0
chr5,84312072,84312196,0
chr5,150135601,150135725,0.772258064516129
chr5,54985417,54985541,3.9541935483870967
chr5,27547099,27547223,0
chr5,82958989,82959113,0.72
chr5,37992701,37992825,0
chr5,23598949,23599073,0
chr5,99350386,99350510,0
chr5,69149433,69149557,0
chr5,45032769,45032893,0.72
chr6,40007505,40007629,0.72
chr6,93024058,93024182,0
chr6,86058654,86058778,0
chr7,55373042,55373166,0
chr8,132758025,132758149,0.72
chr8,16103900,16104024,0
chr8,142364394,142364518,0.7776000000000001
chr9,35320575,35320699,0
chr9,12577744,12577868,0
chr9,118259051,118259175,0
chr9,37475009,37475133,0
chr11,117842306,117842430,0.72
chr11,123566101,123566225,0
chr11,103383328,103383452,1.393548387096774
chr11,111649325,111649449,0
chr11,99021621,99021745,0
chr11,58838124,58838248,0.72
chr11,75592926,75593050,0.72
chr11,4345385,4345509,0
chr10,116794675,116794799,0
chr10,47962525,47962649,0
chr10,38891383,38891507,0
chr10,11514965,11515089,0.72
chr10,109112640,109112764,1.3993548387096773
chr10,118369849,118369973,1.544516129032258
chr10,88198417,88198541,0
chr10,43607347,43607471,0
chr10,1133240,1133364,0.72
chr10,54298060,54298184,0
chr10,60295159,60295283,0.72
chr10,96674532,96674656,0.8070967741935484
chr10,5502194,5502318,0
chr10,68776642,68776766,0.7954838709677419
chr10,114504455,114504579,0
chr10,101514556,101514680,0
chr10,86057062,86057186,0.72
chr10,100089807,100089931,0
chr10,35645937,35646061,0.8999999999999999
chr10,111823727,111823851,0
chr10,132538045,132538169,1.7568000000000001
chr10,96534708,96534832,0
chr10,84946454,84946578,0.72
chr10,53765153,53765277,0
chr10,76939778,76939902,0
chr10,45954102,45954226,0
chr12,114143411,114143535,0
chr12,116679303,116679427,0.73
chr12,23317010,23317134,0
chr12,112737072,112737196,0.73
chr12,70287162,70287286,0.9257142857142858
chr12,104873232,104873356,0
chr12,53743468,53743592,1.1729032258064518
chr12,90605486,90605610,0
chr12,62768652,62768776,0
chr12,4502958,4503082,0
chr12,106633988,106634112,0
chr12,85010398,85010522,0
chr12,116664079,116664203,0
chr12,118588656,118588780,0
chr12,120279173,120279297,0.73
chr12,67494633,67494757,0
chr12,62776895,62777019,0
chr12,114817993,114818117,0
chr12,100424438,100424562,0.73
chr12,61851745,61851869,0
chr12,62283366,62283490,0
chr12,64120153,64120277,0
chr12,101308699,101308823,0
chr12,80053979,80054103,0.72
chr12,26935652,26935776,0.72
chr12,12894631,12894755,0.72
chr12,14488903,14489027,0
chr12,115863935,115864059,0.73
chr12,119570488,119570612,0
chr12,4047276,4047400,0.72
chr12,49575416,49575540,0
chr12,1283164,1283288,0.72
chr12,86958107,86958231,0
chr12,36254331,36254455,0
chr12,29108622,29108746,0.72
chr12,54825426,54825550,0
chr12,129216198,129216322,0
chr12,106544938,106545062,0.73
chr12,21743952,21744076,0
chr12,79409300,79409424,0
chr12,61820509,61820633,0
chr12,126722314,126722438,0
chr12,40522517,40522641,0
chr12,105294344,105294468,0
chr12,18765831,18765955,0
chr12,66432100,66432224,0
chr12,70766809,70766933,0
chr12,61848193,61848317,0
chr12,13963947,13964071,0
chr12,111975121,111975245,1.5429032258064517
chr12,50902580,50902704,0
chr12,123298795,123298919,0.73
chr12,89884523,89884647,0.72
chr12,102209779,102209903,0.73
chr12,26289435,26289559,1.2425806451612904
chr12,9930522,9930646,0
chr12,78315357,78315481,0
chr12,96367959,96368083,0.73
chr12,110675230,110675354,0
chr12,125380124,125380248,0
chr12,49465341,49465465,0
chr12,92054362,92054486,0
chr12,79967724,79967848,0
chr12,76232679,76232803,0
chr12,70686891,70687015,2.7406451612903227
chr12,122846825,122846949,0.73
chr12,75234895,75235019,1.364516129032258
chr12,8429209,8429333,0
chr12,13756617,13756741,1.0858064516129031
chr12,95351600,95351724,0
chr12,104711899,104712023,0.7299999999999999
chr12,63963799,63963923,0.72
chr12,58711493,58711617,1.1630769230769231
chr12,132057284,132057408,0
chr12,66983651,66983775,0
chr12,20854512,20854636,0
chr12,64349220,64349344,0.72
chr12,40053001,40053125,0
chr12,16554359,16554483,0
chr12,91087461,91087585,0
chr12,61784489,61784613,0
chr12,61032440,61032564,0
chr12,43252792,43252916,0
chr12,25255367,25255491,0.72
chr12,91936153,91936277,0
chr12,25737265,25737389,0
chr12,69902236,69902360,1.556129032258065
chr12,23617800,23617924,0
chr12,114709872,114709996,0.73
chr12,68030427,68030551,0
chr12,131533380,131533504,1.060967741935484
chr12,18033615,18033739,0.72
chr12,100260237,100260361,0
chr12,30455166,30455290,0
chr12,9293322,9293446,0
chr12,23929310,23929434,0
chr12,132187322,132187446,0.73
chr12,128178909,128179033,1.1364516129032258
chr12,66507499,66507623,0
chr12,61809757,61809881,0
chr12,23071228,23071352,0
chr12,22276793,22276917,0.72
chr12,33118985,33119109,1.44
chr12,86566230,86566354,0
chr12,38707756,38707880,0
chr12,83821726,83821850,6.903870967741936
chr12,116715029,116715153,0
chr12,38629308,38629432,0
chr12,5421644,5421768,0
chr12,4280189,4280313,0
chr12,50224775,50224899,1.0103225806451612
chr12,82504292,82504416,0
chr12,3497373,3497497,0
chr12,89555165,89555289,0
chr12,106405988,106406112,0
chr12,107522509,107522633,0
chr12,54956135,54956259,0.72
chr12,114934083,114934207,3.9061290322580655
chr12,4326548,4326672,0
chr12,20581729,20581853,0
chr12,126896135,126896259,5.299677419354838
chr12,49393283,49393407,0
chr12,70806610,70806734,1.2309677419354839
chr12,104433871,104433995,0.73
chr12,127363466,127363590,1.8099999999999998
chr12,59418786,59418910,0
chr12,5865219,5865343,0
chr12,67052660,67052784,0
chr12,130813253,130813377,0
chr12,34591631,34591755,0
chr12,79527347,79527471,0
chr12,37628726,37628850,0
chr12,127795482,127795606,0
chr12,10124645,10124769,0
chr12,11808891,11809015,0
chr12,95501473,95501597,0
chr12,55687481,55687605,0
chr12,14059964,14060088,0.9406451612903226
chr12,55442539,55442663,0
chr12,77585055,77585179,0
chr12,82576312,82576436,0
chr12,95779048,95779172,0
chr12,70386363,70386487,2.16
chr12,118838296,118838420,0
chr12,35179027,35179151,0
chr12,90231089,90231213,0
chr12,27841723,27841847,0
chr12,1728403,1728527,0
chr12,111543942,111544066,0
chr12,82148956,82149080,7.676129032258065
chr12,31479186,31479310,0.8651612903225805
chr12,82079932,82080056,1.2774193548387096
chr12,126349962,126350086,0.73
chr12,64045663,64045787,0
chr12,112108951,112109075,3.97
chr12,113618980,113619104,0
chr12,99766025,99766149,0.73
chr12,94015214,94015338,0
chr12,62450447,62450571,0.72
chr12,37254154,37254278,0
chr12,73723043,73723167,0
chr12,111473514,111473638,0
chr12,60672684,60672808,0.9379816513761468
chr12,23292688,23292812,0
chr12,64463089,64463213,0
chr12,70946134,70946258,0
chr12,81686535,81686659,0
chr12,31210214,31210338,0
chr12,73680194,73680318,0
chr12,19194424,19194548,0
chr12,115211373,115211497,0
chr12,117573742,117573866,0
chr12,74765169,74765293,0.72
chr12,71868057,71868181,0
chr12,90990899,90991023,0
chr12,38556399,38556523,1.9858064516129033
chr12,38608562,38608686,0
chr12,9235740,9235864,0
chr12,6574581,6574705,0.7200000000000001
chr12,87058891,87059015,0
chr12,122274149,122274273,0
chr12,58809333,58809457,0
chr12,64098462,64098586,0
chr12,45728165,45728289,0.9058064516129032
chr12,19914019,19914143,0
chr12,59696028,59696152,0
chr12,46244601,46244725,0.72
chr12,105673067,105673191,0
chr12,37905243,37905367,0
chr12,30721455,30721579,0
chr12,98881952,98882076,0
chr12,74369477,74369601,0
chr12,33478230,33478354,0
chr12,19008590,19008714,0
chr12,120586813,120586937,0.73
chr12,12297194,12297318,0.72
chr12,104529086,104529210,0.73
chr12,35206379,35206503,0
chr12,128330842,128330966,0
chr12,44960907,44961031,0
chr12,25648026,25648150,0
chr12,6716906,6717030,0
chr12,114207482,114207606,0
chr12,96253302,96253426,0.9372727272727273
chr12,116735241,116735365,0
chr12,15849032,15849156,0
chr12,47386607,47386731,0
chr12,9678926,9679050,0
chr12,103318705,103318829,0
chr12,132047287,132047411,0
chr12,13386124,13386248,0
chr12,87399745,87399869,0
chr12,54639872,54639996,0.72
chr12,62942932,62943056,0
chr12,73194914,73195038,0
chr12,21974465,21974589,0.7199999999999999
chr12,132581013,132581137,0.8983870967741936
chr12,39323559,39323683,0
chr12,88774929,88775053,0
chr12,97862914,97863038,0.73
chr12,115198143,115198267,0
chr12,40401757,40401881,0
chr12,78537571,78537695,7.368387096774194
chr12,24310361,24310485,0
chr12,117623573,117623697,0
chr12,9407654,9407778,0
chr12,52287181,52287305,0
chr12,9933775,9933899,0.72
chr12,94516271,94516395,1.1004878048780486
chr12,45698078,45698202,0
chr12,11399415,11399539,0
chr12,74756333,74756457,0
chr12,67622434,67622558,0.72
chr12,75906844,75906968,0.756
chr12,93081862,93081986,0
chr12,106883390,106883514,0.73
chr12,103333674,103333798,0
chr12,63754579,63754703,0
chr12,21563514,21563638,0
chr12,76172640,76172764,0
chr12,58913320,58913444,0
chr12,112197209,112197333,0
chr12,124357135,124357259,0.73
chr12,120042159,120042283,0.73
chr12,81676873,81676997,0
chr12,29268293,29268417,0
chr12,119895629,119895753,0
chr12,9273046,9273170,0.72
chr12,6014867,6014991,0.72
chr12,56109891,56110015,0.72
chr12,117256290,117256414,0
chr12,39092064,39092188,0.72
chr12,83668590,83668714,0.7199999999999999
chr12,44465151,44465275,0
chr12,72984140,72984264,5.771612903225807
chr12,59005243,59005367,0.72
chr12,52374005,52374129,0
chr12,54173634,54173758,0
chr12,12116694,12116818,0
chr12,64363083,64363207,0.7200000000000001
chr12,119621970,119622094,0
chr12,120373249,120373373,0
chr12,14892937,14893061,3.8787096774193546
chr12,86986361,86986485,0
chr12,59207865,59207989,0
chr12,17271547,17271671,0
chr12,54360866,54360990,6.723870967741935
chr12,99046261,99046385,0
chr12,126629116,126629240,0
chr12,100169932,100170056,0
chr12,131488971,131489095,0
chr12,104210677,104210801,0.73
chr12,45072309,45072433,0
chr12,61834809,61834933,0
chr12,54143869,54143993,0.72
chr12,59413019,59413143,0.72
chr12,94053580,94053704,0.72
chr12,28265623,28265747,0
chr12,126227813,126227937,0
chr12,112352716,112352840,0.73
chr12,65197630,65197754,0
chr12,120439577,120439701,2.4811111111111113
chr12,20718587,20718711,0.72
chr12,95977870,95977994,0
chr12,111495772,111495896,0
chr12,113884122,113884246,0.73
chr12,114185359,114185483,0.73
chr12,127187618,127187742,0
chr12,106323882,106324006,0.73
chr12,36994804,36994928,0
chr12,92293821,92293945,0
chr12,119141747,119141871,0
chr12,10322363,10322487,0.72
chr12,9184815,9184939,0
chr12,132022577,132022701,0
chr12,33183716,33183840,0
chr12,49635595,49635719,1.3819354838709677
chr12,3425612,3425736,0
chr12,104059540,104059664,0.73
chr12,55570315,55570439,0
chr12,68271109,68271233,0
chr12,21566534,21566658,0.72
chr12,40032329,40032453,0
chr12,65858417,65858541,0.72
chr12,104245893,104246017,0
chr12,16548993,16549117,0
chr12,119676022,119676146,0.9099999999999998
chr12,36802600,36802724,0
chr12,81278026,81278150,0
chr12,84166204,84166328,0.72
chr12,66504113,66504237,0
chr12,38605446,38605570,0
chr12,29545731,29545855,0.72
chr12,50030266,50030390,0.72
chr13,101144264,101144388,0
chr13,79847453,79847577,0
chr13,44670366,44670490,0.72
chr13,45095258,45095382,0.72
chr13,61058692,61058816,0
chr13,64977385,64977509,0
chr13,29765118,29765242,0
chr13,92388101,92388225,0
chr13,60391641,60391765,0
chr13,23212282,23212406,0
chr13,77220189,77220313,0
chr13,66509193,66509317,0.72
chr14,26676633,26676757,0
chr14,38674539,38674663,0
chr15,87150951,87151075,0.72
chr15,63927401,63927525,0.72
chr15,37653517,37653641,0
chr15,51279340,51279464,0.72
chr15,96302109,96302233,0
chr15,25608219,25608343,0
chr15,30606320,30606444,0
chr15,81123479,81123603,0
chr15,23588614,23588738,0.72
chr15,34938892,34939016,0
chr15,60267443,60267567,0.7286746987951807
chr15,46369902,46370026,0.72
chr15,41058285,41058409,0
chr15,78903809,78903933,0
chr15,53222125,53222249,0.72
chr15,32548329,32548453,0
chr15,60695520,60695644,0
chr15,63933241,63933365,0
chr15,61709862,61709986,0.72
chr15,87762712,87762836,0
chr15,38390350,38390474,1.6316129032258064
chr15,66088250,66088374,0
chr15,31499411,31499535,0.8255999999999999
chr15,51188574,51188698,0.72
chr15,40604531,40604655,0.72
chr15,87363676,87363800,0
chr15,57401443,57401567,0
chr15,36717394,36717518,0
chr15,72199321,72199445,0.72
chr15,32744350,32744474,0.72
chr15,59293802,59293926,0.7534883720930232
chr15,19517776,19517900,0
chr15,70528656,70528780,0.72
chr15,89542053,89542177,0
chr16,20783888,20784012,0
chr16,75315907,75316031,0
chr16,68478398,68478522,0
chr16,23431556,23431680,0
chr16,86912650,86912774,0.72
chr16,27588739,27588863,0
chr16,66997222,66997346,0.72
chr16,30510129,30510253,1.1400000000000001
chr16,84560424,84560548,0.72
chr16,60726302,60726426,0.72
chr16,67667291,67667415,1.3006451612903225
chr16,16667532,16667656,0
chr16,16968023,16968147,0.9741176470588235
chr16,12468844,12468968,1.1554838709677417
chr16,62107318,62107442,0
chr16,47288307,47288431,0
chr16,87922740,87922864,0
chr16,11653760,11653884,0
chr16,37472639,37472763,0
chr16,1274673,1274797,0
chr16,6433053,6433177,0
chr16,64030063,64030187,0
chr16,56231222,56231346,10.811612903225807
chr16,83274967,83275091,0.72
chr16,63993320,63993444,0
chr16,82863673,82863797,0
chr16,11436992,11437116,0.72
chr16,1485642,1485766,1.414736842105263
chr16,34868022,34868146,0
chr16,32641720,32641844,0
chr17,50690204,50690328,1.3238709677419356
chr17,57717713,57717837,0.72
chr17,20147348,20147472,0
chr17,48307442,48307566,0.72
chr17,2136422,2136546,2.2354838709677414
chr17,61658186,61658310,0.72
chr17,27724780,27724904,0
chr17,25024622,25024746,0
chr17,47883920,47884044,1.596774193548387
chr17,628312,628436,0
chr17,17549046,17549170,0.72
chr18,23866704,23866828,0.72
chr18,50394694,50394818,1.4399999999999997
chr18,25447195,25447319,0.7688135593220338
chr18,17074891,17075015,0
chr18,79680467,79680591,5.881935483870968
chr18,49132350,49132474,0
chr18,7262847,7262971,0
chr18,23477760,23477884,0
chr20,56687006,56687130,0.72
chr20,17248972,17249096,0.72
chr20,61524148,61524272,0.72
chr20,49524143,49524267,0.9232941176470586
chr20,27262802,27262926,0
chr20,30916651,30916775,0
chr20,42777380,42777504,0
chr20,32153016,32153140,0.72
chr20,6705376,6705500,0
chr20,16014337,16014461,0
chr20,17314333,17314457,0.7199999999999999
chr20,17237414,17237538,0
chr20,32821105,32821229,0
chr20,59101899,59102023,0.72
chr20,20207592,20207716,0
chr20,2231356,2231480,0
chr20,41869545,41869669,0
chr20,44650352,44650476,0.72
chr20,50906072,50906196,0.72
chr20,19431654,19431778,0
chr20,25064012,25064136,0.72
chr20,24105835,24105959,0
chr20,32928804,32928928,0
chr20,24746802,24746926,0
chr20,879477,879601,0
chr20,31889072,31889196,0.72
chr20,8014310,8014434,0.7199999999999999
chr20,27760899,27761023,0
chr20,41745650,41745774,0
chr20,15915408,15915532,0
chr20,11041223,11041347,0.8419354838709676
chr20,18488938,18489062,0.72
chr20,46580807,46580931,0
chr20,5025298,5025422,0
chr20,50069838,50069962,0
chr20,25111277,25111401,0
chr20,27706821,27706945,0
chr20,22450045,22450169,0
chr20,38260824,38260948,0.72
chr20,51847204,51847328,0
chr20,41449891,41450015,0
chr20,61438241,61438365,0
chr20,32276048,32276172,0
chr20,59472807,59472931,0.72
chr20,64208573,64208697,0.7875
chr20,11524945,11525069,1.0610526315789475
chr20,49848116,49848240,0
chr20,56751561,56751685,0
chr20,6617798,6617922,0
chr20,9318652,9318776,0
chr20,4035439,4035563,0
chr20,14798264,14798388,0
chr20,6539732,6539856,0
chr20,48087769,48087893,0
chr19,41634585,41634709,0
chr19,21818536,21818660,0
chr19,244398,244522,0
chr19,46847431,46847555,0.72
chr19,7066777,7066901,0
chr19,97602,97726,0
chr19,28904486,28904610,0.72
chr19,52140452,52140576,0
chr19,28298286,28298410,0
chr19,6508694,6508818,0.72
chr19,44741270,44741394,0
chr22,13994147,13994271,0
chr21,35906334,35906458,0.72
chr21,43859017,43859141,0.72
chr21,26552657,26552781,1.0858064516129031
chr21,30404696,30404820,0
chr21,42148225,42148349,0.72
chr21,28325000,28325124,0
chr21,6322634,6322758,0
chr21,31400966,31401090,0.72
chr21,5995999,5996123,0
chr21,7803598,7803722,0
chr21,25860283,25860407,0.72
chr21,10094372,10094496,0
chr21,44846551,44846675,0.9348387096774193
