Chromosome,Start,End,Accessibility_Score
chr1,231957784,231957908,0
chr1,119978499,119978623,0
chr1,49399813,49399937,0
chr1,143555422,143555546,0
chr1,74370601,74370725,0.72
chr1,84463950,84464074,0.72
chr1,11413941,11414065,0.72
chr1,105500301,105500425,0
chr1,202219871,202219995,0
chr1,27219436,27219560,0.7200000000000001
chr1,7864448,7864572,1.0030769230769232
chr1,36753575,36753699,0.72
chr1,77897772,77897896,0
chr1,151502645,151502769,0.72
chr1,73387531,73387655,0
chr1,159011814,159011938,0
chr1,177352772,177352896,0
chr1,193170804,193170928,0
chr1,223976802,223976926,0
chr1,8029155,8029279,0
chr1,218750963,218751087,0.72
chr1,166409433,166409557,0
chr1,63114554,63114678,0.72
chr1,208794112,208794236,2.310967741935484
chr1,16525801,16525925,0.72
chr1,9388065,9388189,0.7199999999999999
chr1,91494248,91494372,0.72
chr1,96502669,96502793,0
chr1,148266747,148266871,0
chr1,26032782,26032906,0
chr1,149873183,149873307,0
chr1,221569805,221569929,0
chr1,189669586,189669710,0
chr1,48189223,48189347,0
chr1,213098046,213098170,0.72
chr1,91202575,91202699,0
chr1,64740335,64740459,0
chr1,120538345,120538469,0
chr1,223982143,223982267,0
chr1,80777388,80777512,0
chr1,107833410,107833534,0
chr1,234200669,234200793,0
chr1,209767001,209767125,0.72
chr1,68483455,68483579,0
chr1,234465776,234465900,0
chr1,54976513,54976637,0
chr1,97566443,97566567,0
chr1,165278086,165278210,0
chr1,101479279,101479403,0.72
chr1,96679287,96679411,0
chr1,206383108,206383232,0
chr1,39088902,39089026,1.1496774193548387
chr1,192210878,192211002,0
chr1,47898606,47898730,0
chr1,205273061,205273185,0
chr1,75857565,75857689,0
chr1,45538975,45539099,0
chr1,115909261,115909385,0
chr1,237505335,237505459,0
chr1,32180586,32180710,2.5490322580645164
chr1,144196859,144196983,0
chr1,226271500,226271624,0
chr1,118880143,118880267,0.72
chr1,205270848,205270972,4.424516129032259
chr1,200064405,200064529,0.72
chr1,228730127,228730251,0.72
chr1,199904039,199904163,0
chr1,74230302,74230426,0
chr1,163657287,163657411,1.4036363636363636
chr1,206208654,206208778,0
chr1,61330520,61330644,0
chr1,19807529,19807653,0.72
chr1,96883166,96883290,0
chr1,168245572,168245696,0.72
chr1,148802028,148802152,0
chr1,229902672,229902796,0
chr1,62675764,62675888,0
chr1,69931684,69931808,0
chr1,196926521,196926645,0
chr1,214997289,214997413,0
chr1,118850314,118850438,0
chr1,163540250,163540374,0.72
chr1,214246436,214246560,0
chr1,14688399,14688523,0
chr1,117404854,117404978,0
chr1,150689678,150689802,0
chr1,10652335,10652459,2.0612903225806454
chr1,62980277,62980401,0
chr1,88932497,88932621,0
chr1,197563222,197563346,0
chr1,188780158,188780282,0
chr1,47636423,47636547,0
chr1,27390589,27390713,0
chr1,207958093,207958217,0.72
chr1,147901475,147901599,0
chr1,98140596,98140720,0
chr1,78906315,78906439,0
chr1,8717639,8717763,0
chr1,239025700,239025824,0
chr1,18526148,18526272,0.9796721311475409
chr1,81980782,81980906,0
chr1,239014096,239014220,0
chr1,241491876,241492000,0
chr1,239314401,239314525,0.72
chr1,183220133,183220257,0.7200000000000001
chr1,15110512,15110636,0
chr1,51324194,51324318,0
chr1,147518081,147518205,0.72
chr1,115227423,115227547,0
chr1,82511380,82511504,0.72
chr1,153060082,153060206,0
chr1,150538428,150538552,0.72
chr1,246696628,246696752,1.6896774193548387
chr1,99176199,99176323,0.72
chr1,191962682,191962806,0
chr1,78339264,78339388,0.72
chr1,43612856,43612980,0.9192857142857143
chr1,155703494,155703618,0
chr1,243588778,243588902,0
chr1,54445941,54446065,0
chr1,80138691,80138815,0
chr1,238200201,238200325,0
chr1,110702467,110702591,0.72
chr1,46733739,46733863,0
chr1,67504390,67504514,0
chr1,217496052,217496176,0.72
chr1,37436856,37436980,0.72
chr1,223157174,223157298,0
chr1,196607126,196607250,0.72
chr1,188029236,188029360,0
chr1,222550957,222551081,0
chr1,104549628,104549752,0
chr1,180237930,180238054,0
chr1,6985002,6985126,1.4574193548387095
chr1,3611549,3611673,1.585454545454546
chr1,49416971,49417095,0
chr1,86649446,86649570,0.72
chr1,244487402,244487526,0
chr1,177865227,177865351,0
chr1,214411048,214411172,0
chr1,61398347,61398471,0
chr1,237422905,237423029,0
chr1,147864678,147864802,0
chr1,164287067,164287191,0
chr1,178647167,178647291,0.72
chr1,69613856,69613980,0
chr1,57054674,57054798,0.72
chr1,29296027,29296151,0.72
chr1,14606903,14607027,0.72
chr1,121896573,121896697,0
chr1,150639409,150639533,0
chr1,197239614,197239738,0
chr1,206913748,206913872,0.8272340425531914
chr1,194332752,194332876,0.72
chr1,29463445,29463569,0.72
chr1,216615908,216616032,1.44
chr1,177798449,177798573,0
chr1,36014871,36014995,0.72
chr1,143998042,143998166,0
chr1,216494984,216495108,0
chr1,13237773,13237897,0.72
chr1,19477242,19477366,2.456129032258065
chr1,18057218,18057342,1.9916129032258065
chr1,181424324,181424448,0.7432258064516128
chr1,196477405,196477529,0.72
chr1,187770249,187770373,0
chr1,55319962,55320086,0.72
chr1,21648496,21648620,1.1842105263157894
chr1,99403169,99403293,0
chr1,84930086,84930210,0
chr1,97844311,97844435,0
chr1,158473186,158473310,0
chr1,4758930,4759054,0
chr1,37486683,37486807,1.2890322580645162
chr1,168823841,168823965,0.7199999999999999
chr1,73846705,73846829,0
chr1,97021228,97021352,0
chr1,89779428,89779552,0.9812903225806451
chr1,178351065,178351189,0
chr1,109076371,109076495,0.72
chr1,109292999,109293123,0
chr1,144841309,144841433,0
chr1,217045440,217045564,0.72
chr1,3566699,3566823,1.7767741935483872
chr1,114580983,114581107,0.8676923076923077
chr1,54210293,54210417,0
chr1,68665829,68665953,0
chr1,76159286,76159410,0
chr1,79237737,79237861,0
chr1,104528038,104528162,0
chr1,36764755,36764879,1.0114285714285711
chr1,64514227,64514351,1.4553191489361703
chr1,32161048,32161172,0
chr1,202429979,202430103,0
chr1,90711639,90711763,0.72
chr1,53428132,53428256,0
chr1,153024214,153024338,0
chr1,238574180,238574304,0
chr1,122635176,122635300,0
chr1,27254365,27254489,1.2458426966292133
chr1,239858695,239858819,0
chr1,220594010,220594134,0
chr1,221455565,221455689,0
chr1,57267952,57268076,0
chr1,179171845,179171969,0
chr1,156456248,156456372,1.5437837837837838
chr1,57016208,57016332,0.7199999999999999
chr1,151989460,151989584,11.258709677419356
chr1,15118290,15118414,0.72
chr1,41319664,41319788,0.72
chr1,191992947,191993071,0
chr1,203481348,203481472,0
chr1,203195300,203195424,0
chr1,117079884,117080008,0.7199999999999999
chr1,160966281,160966405,0.72
chr1,109299606,109299730,1.1845161290322581
chr1,188624364,188624488,0
chr1,248545214,248545338,0
chr1,248739626,248739750,0.8734426229508196
chr1,237824451,237824575,0.7199999999999999
chr1,233512344,233512468,0
chr1,174118427,174118551,0
chr1,75737247,75737371,0
chr1,57676283,57676407,0
chr1,243481478,243481602,0
chr1,157008845,157008969,0.72
chr1,120684188,120684312,0
chr1,208455735,208455859,0.7954838709677419
chr1,19308655,19308779,0
chr1,179380147,179380271,0
chr1,223466938,223467062,1.1405940594059405
chr1,246186504,246186628,0
chr1,204620683,204620807,0
chr1,70028139,70028263,0
chr1,195733788,195733912,0
chr1,29785769,29785893,0.72
chr1,179445970,179446094,0
chr1,38882491,38882615,0.72
chr1,6032839,6032963,0
chr1,29173091,29173215,0
chr1,120978732,120978856,0
chr1,204879895,204880019,0
chr1,219707085,219707209,0
chr1,199925141,199925265,0
chr1,65342596,65342720,0
chr1,195924843,195924967,0
chr1,144280531,144280655,0
chr1,103524352,103524476,0
chr1,97869828,97869952,0
chr1,156456162,156456286,1.7941935483870968
chr1,105929835,105929959,0
chr1,27349076,27349200,1.3068907563025212
chr1,223997274,223997398,0
chr1,215965887,215966011,0
chr1,223733983,223734107,0.72
chr1,145835202,145835326,0
chr1,64100295,64100419,0
chr1,79518848,79518972,0
chr1,120407713,120407837,0
chr1,216717531,216717655,0
chr1,192752155,192752279,0
chr1,198005361,198005485,0.72
chr1,162577995,162578119,1.3006451612903223
chr1,38766628,38766752,0
chr1,191387340,191387464,0
chr1,121061593,121061717,0
chr1,206421635,206421759,0.7548387096774194
chr1,100971567,100971691,0
chr1,154960523,154960647,1.121860465116279
chr1,202084082,202084206,0.72
chr1,179553387,179553511,0.72
chr1,147754846,147754970,0
chr1,182085051,182085175,10.341290322580647
chr1,115977505,115977629,5.684516129032259
chr1,92386384,92386508,0
chr1,120254572,120254696,0
chr1,50481475,50481599,0
chr1,48501644,48501768,0.72
chr1,124694974,124695098,0
chr1,82691578,82691702,0
chr1,93908639,93908763,0.72
chr1,62425817,62425941,0
chr1,81544190,81544314,0
chr1,7151399,7151523,0.72
chr1,87777672,87777796,0.72
chr1,116177336,116177460,0
chr1,162789671,162789795,0
chr1,247514653,247514777,0
chr1,14822725,14822849,1.7419354838709675
chr1,47271199,47271323,0
chr1,244397572,244397696,0
chr1,123656571,123656695,0
chr1,45396826,45396950,0
chr1,54070666,54070790,0.72
chr1,148964654,148964778,0
chr1,27668360,27668484,1.0091803278688525
chr1,156470831,156470955,0.72
chr1,206275874,206275998,0
chr1,152665369,152665493,0.7199999999999999
chr1,58135852,58135976,0
chr1,168225842,168225966,5.022580645161292
chr1,29393621,29393745,1.3296774193548384
chr1,240984714,240984838,0
chr1,1222643,1222767,2.084516129032258
chr1,192902211,192902335,0
chr1,242175581,242175705,0
chr1,88771027,88771151,0
chr1,53201636,53201760,0
chr1,156917689,156917813,0
chr1,243025425,243025549,0
chr1,178440774,178440898,0
chr1,164518448,164518572,0.72
chr1,18392065,18392189,0.72
chr1,222192583,222192707,0
chr1,208887285,208887409,0
chr1,105062922,105063046,0
chr1,218572439,218572563,0
chr1,199308845,199308969,0
chr1,66375065,66375189,5.336129032258066
chr1,231414067,231414191,0
chr1,185243009,185243133,0
chr1,245739285,245739409,0
chr1,194313758,194313882,0
chr1,246327385,246327509,0
chr1,162419648,162419772,0.72
chr1,100966904,100967028,0
chr1,120031294,120031418,0
chr1,231254631,231254755,0
chr1,75103581,75103705,0
chr1,200720807,200720931,0
chr1,37633454,37633578,1.213548387096774
chr1,95780266,95780390,0
chr1,18814603,18814727,1.004516129032258
chr1,7894469,7894593,2.3690322580645162
chr1,164734736,164734860,0
chr1,78597965,78598089,0
chr1,122374089,122374213,0
chr1,154036471,154036595,0
chr1,161573950,161574074,0
chr1,108047287,108047411,0.8672727272727272
chr1,55919277,55919401,0
chr1,150034288,150034412,0
chr1,210691292,210691416,0
chr1,144522345,144522469,0
chr1,111725137,111725261,1.0625806451612902
chr1,225204859,225204983,0.72
chr1,86950144,86950268,0
chr1,173645479,173645603,0
chr1,218809465,218809589,0
chr1,232086012,232086136,1.161290322580645
chr1,185644001,185644125,0
chr1,207817344,207817468,0.72
chr1,104774163,104774287,0
chr1,187044055,187044179,0
chr1,10007744,10007868,0
chr1,48822711,48822835,0
chr1,71580171,71580295,0
chr1,233951981,233952105,0
chr1,68599765,68599889,0
chr1,191540278,191540402,0
chr1,109681874,109681998,0
chr1,97129386,97129510,0.72
chr1,145713329,145713453,1.3296774193548386
chr1,143353032,143353156,0
chr1,182673037,182673161,1.44
chr1,245178182,245178306,0
chr1,179610869,179610993,0
chr1,114529860,114529984,0.72
chr1,74711428,74711552,0
chr1,19300272,19300396,0.72
chr1,47338079,47338203,0
chr1,19010542,19010666,3.6
chr1,72660241,72660365,0
chr1,236675551,236675675,0
chr1,187984456,187984580,0
chr1,122161251,122161375,0
chr1,10041196,10041320,1.161290322580645
chr1,45522664,45522788,1.335483870967742
chr1,113484734,113484858,0.72
chr1,109343734,109343858,0.72
chr1,3942715,3942839,0.72
chr1,241021072,241021196,0
chr1,165776649,165776773,0.7199999999999999
chr1,5579682,5579806,0.72
chr1,154621008,154621132,0
chr1,88621862,88621986,0.72
chr1,31495509,31495633,0
chr1,151309999,151310123,2.7696774193548386
chr1,238133418,238133542,0
chr1,107807080,107807204,0
chr1,101435440,101435564,0
chr1,220457927,220458051,0
chr1,113679035,113679159,0
chr1,33596458,33596582,0
chr1,12032643,12032767,0.72
chr1,36001625,36001749,0.72
chr1,197189758,197189882,0
chr1,175257521,175257645,0
chr1,105187995,105188119,0
chr1,209208502,209208626,0.8423999999999999
chr1,224409779,224409903,0
chr1,236285454,236285578,0
chr1,83400235,83400359,0
chr1,164942366,164942490,0
chr1,92466455,92466579,0.9391304347826087
chr1,6725385,6725509,0.72
chr1,34415653,34415777,0.72
chr1,87513148,87513272,0.72
chr1,25684023,25684147,2.8451612903225807
chr1,98474605,98474729,0
chr1,159103071,159103195,0.72
chr1,234980004,234980128,0.7766292134831461
chr1,172532075,172532199,49.147822580645176
chr1,68175464,68175588,0
chr1,165701675,165701799,0.9058064516129032
chr1,39915757,39915881,0.9580645161290322
chr1,182413534,182413658,0.72
chr1,57928227,57928351,1.0974193548387097
chr1,148581322,148581446,0
chr1,190246403,190246527,0
chr1,40339600,40339724,0
chr1,86739011,86739135,1.2
chr1,172702923,172703047,1.9393548387096775
chr1,793279,793403,0
chr1,191406273,191406397,0
chr1,171820802,171820926,1.5851612903225805
chr1,70064930,70065054,0
chr1,218124848,218124972,0
chr1,93104131,93104255,0
chr1,44317190,44317314,0.9211764705882353
chr1,181691363,181691487,0
chr1,16739851,16739975,0
chr1,234136308,234136432,0
chr1,160993076,160993200,1.2021428571428572
chr1,151779490,151779614,0
chr1,85371285,85371409,1.298691588785047
chr1,67364533,67364657,0
chr1,58404568,58404692,0.72
chr1,57427997,57428121,0.72
chr1,118931735,118931859,0.72
chr1,196759191,196759315,0
chr1,112661446,112661570,0.72
chr1,24270695,24270819,0
chr1,109395103,109395227,1.1136000000000001
chr1,143330139,143330263,0
chr1,147226013,147226137,0
chr1,99848058,99848182,0
chr1,73472940,73473064,0
chr1,79671346,79671470,0
chr1,87364675,87364799,0
chr1,200124128,200124252,0.72
chr1,31597105,31597229,0
chr1,18991373,18991497,0
chr1,203928254,203928378,0.7199999999999999
chr1,28517533,28517657,4.407096774193549
chr1,100430745,100430869,0.72
chr1,17202560,17202684,0
chr1,94297184,94297308,0
chr1,83000492,83000616,0.72
chr1,247372126,247372250,0.72
chr1,164991267,164991391,0.72
chr1,121913465,121913589,0
chr1,55303819,55303943,1.283225806451613
chr1,98566637,98566761,0
chr1,107452331,107452455,0
chr1,204773442,204773566,0.72
chr1,167922487,167922611,0.72
chr1,59188506,59188630,0.7432258064516128
chr1,234745175,234745299,0
chr1,157535386,157535510,0
chr1,58103743,58103867,0.72
chr1,9659043,9659167,0
chr1,201225800,201225924,0.8043243243243243
chr1,224035875,224035999,0
chr1,84451893,84452017,0.7200000000000001
chr1,206880568,206880692,0.72
chr1,84391350,84391474,0.72
chr1,124228041,124228165,0
chr1,43021774,43021898,0.72
chr1,244974458,244974582,0
chr1,175887000,175887124,0.72
chr1,166910752,166910876,0.72
chr1,17780384,17780508,0.9638709677419353
chr1,119999573,119999697,0
chr1,203667055,203667179,1.05
chr1,196685614,196685738,0
chr1,239776433,239776557,0
chr1,84145319,84145443,0
chr1,195783139,195783263,0
chr1,27569021,27569145,5.730967741935486
chr1,241385363,241385487,0.72
chr1,207984933,207985057,0
chr1,181360950,181361074,0.72
chr1,200324822,200324946,0
chr1,95693727,95693851,0
chr1,156066623,156066747,1.2716129032258066
chr1,216026967,216027091,0
chr1,198348962,198349086,0
chr1,192019347,192019471,0
chr1,55290946,55291070,0
chr1,95030671,95030795,0.72
chr1,165557636,165557760,0
chr1,107719513,107719637,0
chr1,52677025,52677149,0.72
chr1,22728684,22728808,0.72
chr1,147755420,147755544,0.72
chr1,6686153,6686277,0.72
chr1,82182488,82182612,0
chr1,118808971,118809095,0
chr1,6203955,6204079,0
chr1,3658687,3658811,0
chr1,212516027,212516151,0.72
chr1,172964692,172964816,0.72
chr1,119681155,119681279,0.72
chr1,199960383,199960507,0.72
chr1,188802999,188803123,5.109677419354838
chr1,28130549,28130673,0.72
chr1,64821572,64821696,0
chr1,14054314,14054438,0
chr1,103709659,103709783,0
chr1,153814539,153814663,0.72
chr1,232767834,232767958,1.2135483870967743
chr1,17228886,17229010,0.72
chr1,1190973,1191097,0
chr1,78009868,78009992,3.3561290322580644
chr1,48151328,48151452,0
chr1,33792266,33792390,1.3645161290322583
chr1,164184176,164184300,0.9313043478260868
chr1,199402670,199402794,0
chr1,234701538,234701662,0
chr1,170843504,170843628,0
chr1,204126975,204127099,0.72
chr1,159503848,159503972,0
chr1,166085817,166085941,0
chr1,225903626,225903750,0
chr1,52559227,52559351,0
chr1,32282815,32282939,0
chr1,28137554,28137678,0
chr1,51267271,51267395,0.72
chr1,6559790,6559914,0.7200000000000001
chr1,27389504,27389628,0.72
chr1,60088355,60088479,0
chr1,145145451,145145575,0
chr1,114374681,114374805,0
chr1,243474900,243475024,0.72
chr1,105662963,105663087,0
chr1,480912,481036,0
chr1,16637950,16638074,0
chr2,160491575,160491699,0.72
chr2,111533962,111534086,0
chr2,157798258,157798382,3.0425806451612902
chr2,55019926,55020050,1.1199999999999999
chr2,208845596,208845720,0
chr2,235839197,235839321,0
chr2,168388057,168388181,0
chr2,128228084,128228208,0
chr2,233195037,233195161,0.72
chr2,102197180,102197304,0
chr2,120631992,120632116,0
chr2,189385701,189385825,0
chr2,48934913,48935037,1.1380645161290324
chr2,11660116,11660240,0.9325714285714285
chr2,48269632,48269756,0
chr2,5813447,5813571,0
chr2,189494392,189494516,0.7200000000000001
chr2,150794832,150794956,0
chr2,200282987,200283111,0
chr2,5196021,5196145,0
chr2,147087873,147087997,0.72
chr2,212209955,212210079,0
chr3,171680423,171680547,0
chr3,130133171,130133295,0
chr3,155762314,155762438,0
chr3,20222348,20222472,0
chr3,87563507,87563631,0
chr3,38782728,38782852,0
chr3,197190852,197190976,0
chr3,36477265,36477389,0.72
chr3,83994307,83994431,0
chr3,96205635,96205759,0
chr3,13329120,13329244,0.9580645161290323
chr4,189802805,189802929,1.152
chr4,45321665,45321789,0
chr4,26867249,26867373,0
chr4,57319967,57320091,0
chr4,48068492,48068616,0
chr4,100242480,100242604,1.3670886075949367
chr4,32361742,32361866,0
chr4,23914989,23915113,1.2321649484536081
chr4,63395262,63395386,0
chr4,56123211,56123335,1.4225806451612901
chr4,123902789,123902913,0
chr4,117851253,117851377,0
chr4,28430149,28430273,0
chr4,91286238,91286362,0
chr4,176854597,176854721,0
chr4,165770691,165770815,0
chr4,177258197,177258321,0
chr4,112483529,112483653,0
chr4,75262350,75262474,0
chr4,29710127,29710251,0
chr4,105360490,105360614,0
chr4,20357048,20357172,0
chr4,100191040,100191164,0
chr4,46611227,46611351,0
chr4,125998146,125998270,0
chr4,75354984,75355108,0
chr4,38015812,38015936,0
chr4,155808641,155808765,0
chr4,88846579,88846703,0
chr4,118176594,118176718,0
chr4,125606412,125606536,0
chr4,28048956,28049080,0
chr4,30976081,30976205,0
chr4,167508259,167508383,0
chr4,188735214,188735338,0.9812903225806451
chr4,120354760,120354884,0.8012903225806451
chr4,88668460,88668584,2.078709677419355
chr4,30803498,30803622,1.248
chr4,109384389,109384513,0.72
chr4,22262912,22263036,0
chr4,158539029,158539153,0
chr4,155186518,155186642,0
chr4,5273435,5273559,0
chr4,143067350,143067474,0
chr4,5694615,5694739,0.72
chr4,94957374,94957498,0
chr4,167957659,167957783,0.72
chr4,34587214,34587338,0
chr4,66026182,66026306,0
chr4,4106152,4106276,0
chr4,140466403,140466527,0
chr4,38646646,38646770,0
chr4,128548407,128548531,0
chr4,82938264,82938388,0
chr4,110048238,110048362,0
chr4,38224637,38224761,0
chr4,122690797,122690921,0
chr4,132143075,132143199,0.72
chr4,96575813,96575937,0
chr4,66483925,66484049,0
chr4,19265954,19266078,0
chr4,151481070,151481194,0
chr4,62342369,62342493,0
chr4,78546001,78546125,0.72
chr4,99335199,99335323,0
chr4,39144021,39144145,0.72
chr4,143876456,143876580,0
chr4,107701894,107702018,0
chr4,180630785,180630909,0
chr4,66175735,66175859,0
chr4,61856089,61856213,0.72
chr4,152491023,152491147,1.0219354838709678
chr4,119481177,119481301,0.72
chr4,95870802,95870926,0
chr4,140520522,140520646,0
chr4,124042579,124042703,0
chr4,105821728,105821852,0.7199999999999999
chr4,153317091,153317215,0
chr4,36552651,36552775,0.72
chr4,70886570,70886694,0
chr4,179895186,179895310,0
chr4,73939776,73939900,0
chr4,17146324,17146448,0.72
chr4,147851346,147851470,0
chr4,56548903,56549027,0
chr4,167584370,167584494,0.855
chr4,177985840,177985964,0
chr4,8992900,8993024,11.612903225806452
chr4,73191877,73192001,0
chr4,155913880,155914004,0
chr4,112787557,112787681,0.8941935483870969
chr4,51934383,51934507,0
chr4,172867310,172867434,0.72
chr4,850362,850486,0
chr4,37439844,37439968,1.207741935483871
chr4,113062512,113062636,0.72
chr4,93227370,93227494,0
chr4,27749024,27749148,0
chr4,152446414,152446538,0
chr4,89640627,89640751,0.72
chr4,176921633,176921757,0.72
chr4,57031365,57031489,0
chr4,71226569,71226693,0
chr4,7384244,7384368,0.72
chr4,186974545,186974669,0
chr4,96940523,96940647,0
chr4,168936403,168936527,0
chr4,105242450,105242574,0
chr4,93743329,93743453,0.72
chr4,171237080,171237204,0
chr4,173499250,173499374,0
chr4,13339314,13339438,0
chr4,22244220,22244344,0
chr4,13367439,13367563,1.070769230769231
chr4,96725481,96725605,0
chr4,56951581,56951705,0
chr4,144360599,144360723,0
chr4,40601911,40602035,0
chr4,111167864,111167988,0
chr4,121848356,121848480,0.7199999999999999
chr4,147376538,147376662,0
chr4,128257199,128257323,0
chr4,124280333,124280457,0
chr4,113427901,113428025,0
chr4,116931309,116931433,0
chr4,29304323,29304447,0
chr4,139365182,139365306,0
chr4,26484474,26484598,0
chr4,31702401,31702525,0
chr4,95138179,95138303,0
chr4,66323045,66323169,0
chr4,111056447,111056571,0
chr4,128847792,128847916,0
chr4,84817916,84818040,0.72
chr4,114394683,114394807,0.72
chr4,109116826,109116950,0
chr4,157974574,157974698,0
chr4,57412668,57412792,0
chr4,187035124,187035248,0.72
chr4,169758804,169758928,0
chr4,97081300,97081424,0
chr4,4292800,4292924,0
chr4,172248148,172248272,0
chr4,162676586,162676710,0.72
chr4,123292546,123292670,0
chr4,19034035,19034159,0
chr4,128741104,128741228,0
chr4,26729997,26730121,0
chr4,89493673,89493797,0
chr4,150320241,150320365,0
chr4,170031069,170031193,0.72
chr4,12919194,12919318,0.72
chr4,74011508,74011632,0.72
chr4,163562403,163562527,0.72
chr4,173531774,173531898,0.72
chr4,47598161,47598285,0
chr4,186072292,186072416,0.72
chr4,177701121,177701245,0
chr4,80249838,80249962,0
chr4,23707688,23707812,0
chr4,40414480,40414604,0
chr4,168990843,168990967,0
chr4,81398138,81398262,0
chr4,64903029,64903153,0
chr4,26495830,26495954,0
chr4,175171114,175171238,0
chr4,58784149,58784273,0
chr4,159793038,159793162,0
chr4,77651756,77651880,0
chr4,39400996,39401120,0
chr4,101584067,101584191,0
chr4,101575208,101575332,0
chr4,147782520,147782644,0.7474285714285713
chr4,122044395,122044519,0
chr4,36767882,36768006,0
chr4,31980560,31980684,0
chr5,72993768,72993892,0.72
chr5,3271266,3271390,0.72
chr5,41913553,41913677,1.0028571428571427
chr5,146550944,146551068,1.0679999999999998
chr5,126111232,126111356,0
chr5,1454206,1454330,0
chr5,20001139,20001263,0.72
chr5,77615704,77615828,0
chr5,159695537,159695661,0.72
chr5,35097857,35097981,0.9248275862068964
chr5,103823630,103823754,1.0683870967741935
chr5,156496961,156497085,0
chr5,135821517,135821641,0.72
chr5,27933459,27933583,0
chr5,24098847,24098971,0
chr5,32368180,32368304,0
chr5,177790603,177790727,0
chr5,157495904,157496028,0
chr5,65323423,65323547,0
chr5,160326946,160327070,0
chr5,162418924,162419048,0
chr5,149773301,149773425,0
chr5,109062361,109062485,0.72
chr5,135007444,135007568,0.72
chr5,26583772,26583896,0
chr5,143628407,143628531,0
chr5,73809301,73809425,0.72
chr5,63197762,63197886,0
chr5,93192461,93192585,9.238064516129034
chr5,76531029,76531153,0
chr5,65076859,65076983,0
chr5,110980274,110980398,0
chr5,90860522,90860646,0
chr5,162782379,162782503,0
chr5,156108204,156108328,0
chr5,138074370,138074494,0
chr5,19865107,19865231,0
chr5,95271470,95271594,0
chr5,39830047,39830171,0
chr5,41382348,41382472,0.72
chr5,5075576,5075700,0
chr5,156360640,156360764,0
chr5,57043743,57043867,0
chr5,20420153,20420277,0
chr5,49445671,49445795,0
chr5,132546993,132547117,0.72
chr5,105774282,105774406,0.72
chr5,19984035,19984159,0
chr5,51262206,51262330,0
chr5,70152804,70152928,0
chr5,62095562,62095686,0.72
chr5,157949145,157949269,2.514193548387097
chr5,180652312,180652436,0
chr5,19825241,19825365,0
chr5,36357818,36357942,1.7303225806451612
chr5,96125671,96125795,0.72
chr5,87776218,87776342,0
chr5,2119055,2119179,0
chr5,30417346,30417470,0
chr5,162574128,162574252,0
chr5,103584342,103584466,0
chr5,158268610,158268734,0.72
chr5,3253397,3253521,0.72
chr5,5265028,5265152,0
chr5,92437017,92437141,0
chr5,81594790,81594914,0
chr5,75189577,75189701,0
chr5,55951999,55952123,0
chr5,167822079,167822203,0.7200000000000001
chr5,149046726,149046850,1.3963636363636363
chr5,175146622,175146746,0
chr5,51693049,51693173,0.72
chr5,32331670,32331794,0.9490909090909091
chr5,173972660,173972784,0
chr5,172777641,172777765,13.120161290322587
chr5,172890719,172890843,0.72
chr5,105474199,105474323,0
chr5,155968764,155968888,0.72
chr5,99642271,99642395,0.72
chr5,130036579,130036703,0.72
chr5,63661057,63661181,0
chr5,45837931,45838055,0
chr5,51444659,51444783,0
chr5,171811130,171811254,0.72
chr5,73437551,73437675,0
chr5,10352257,10352381,1.158
chr5,63782381,63782505,0
chr5,139516911,139517035,0
chr5,12931019,12931143,0
chr5,5096462,5096586,0
chr5,55766696,55766820,0.72
chr5,92761556,92761680,0.72
chr5,139127189,139127313,1.2890322580645162
chr5,9911815,9911939,0.72
chr5,41514843,41514967,16.301935483870974
chr5,112352038,112352162,0
chr5,130823772,130823896,0.7199999999999999
chr5,152708128,152708252,0
chr5,128748460,128748584,0.72
chr5,71633965,71634089,0.72
chr5,46170981,46171105,0.72
chr5,97176603,97176727,0
chr5,1221785,1221909,3.803225806451613
chr5,148886388,148886512,0
chr5,45961162,45961286,0
chr5,166160597,166160721,0.72
chr5,127132801,127132925,0
chr5,108622113,108622237,0
chr5,140840130,140840254,0.7199999999999999
chr5,28085253,28085377,0
chr5,61532286,61532410,0.72
chr5,133505451,133505575,0.72
chr5,122138097,122138221,0.72
chr5,134487703,134487827,0.72
chr5,156759415,156759539,0.72
chr5,58505124,58505248,0
chr5,14789619,14789743,0
chr5,54061890,54062014,1.4864516129032257
chr5,132514684,132514808,0
chr5,86485386,86485510,0
chr5,110592480,110592604,0.72
chr5,60584118,60584242,0
chr5,112888938,112889062,0
chr5,89327421,89327545,0
chr5,47251065,47251189,0
chr5,108204207,108204331,0
chr5,104825011,104825135,0
chr5,85775775,85775899,0
chr5,42248698,42248822,0
chr5,21808978,21809102,0
chr5,167177293,167177417,0
chr5,28077264,28077388,0
chr5,21002798,21002922,0
chr5,106322891,106323015,0
chr5,159894368,159894492,0
chr5,22867524,22867648,0
chr6,111654642,111654766,0.72
chr6,47061358,47061482,0.72
chr6,146976417,146976541,0
chr6,108230029,108230153,0
chr6,29373003,29373127,0
chr6,85245872,85245996,0
chr6,152730945,152731069,0
chr6,166354237,166354361,0
chr6,150763736,150763860,0.72
chr6,133489629,133489753,0.72
chr6,147182698,147182822,0.72
chr6,135446713,135446837,0
chr6,67337920,67338044,0.72
chr6,58983020,58983144,0
chr6,63507534,63507658,0
chr7,101181357,101181481,0
chr8,127490211,127490335,0
chr8,65111192,65111316,0
chr8,113107342,113107466,0
chr8,68039554,68039678,1.0741935483870968
chr8,91373598,91373722,0
chr8,34240589,34240713,0
chr8,83301382,83301506,0.72
chr8,11130193,11130317,0.72
chr9,9993871,9993995,0
chr9,78541161,78541285,0
chr9,80274290,80274414,0
chr9,121269056,121269180,2.525806451612903
chr9,33874314,33874438,0
chr9,699211,699335,0.72
chr9,79199370,79199494,0
chr9,28145896,28146020,0
chr9,38901778,38901902,0
chr9,2994883,2995007,0.72
chr9,34780826,34780950,0.72
chr9,133028709,133028833,0
chr9,31807275,31807399,0.7356521739130435
chr9,100564286,100564410,0
chr9,73953160,73953284,0
chr9,131953118,131953242,1.2744000000000002
chr9,97144479,97144603,0
chr9,33438639,33438763,0.72
chr9,74010492,74010616,0
chr9,76106374,76106498,0
chr9,69306875,69306999,0
chr9,132946945,132947069,0.72
chr9,16134016,16134140,7.6587096774193535
chr9,67236418,67236542,0
chr9,13929783,13929907,0
chr9,88551706,88551830,0.72
chr9,35949448,35949572,0.7896774193548386
chr9,41682651,41682775,0
chr11,19586681,19586805,0
chr11,116304405,116304529,0
chr11,107793378,107793502,0
chr11,9158444,9158568,0
chr11,2091998,2092122,0
chr11,73569141,73569265,0.72
chr11,89418279,89418403,0
chr11,106289194,106289318,0
chr11,96751412,96751536,0
chr11,131488315,131488439,0.72
chr11,49250919,49251043,0
chr11,37938147,37938271,0
chr11,37339172,37339296,0.72
chr11,84115752,84115876,0
chr11,55987826,55987950,0
chr10,67581511,67581635,0
chr10,59775413,59775537,0.72
chr10,55421212,55421336,0
chr10,31699320,31699444,0.7200000000000001
chr10,103767144,103767268,0.72
chr10,117442968,117443092,6.36967741935484
chr10,98395814,98395938,1.3006451612903225
chr10,115946360,115946484,0.72
chr10,109708662,109708786,0
chr10,70063273,70063397,0
chr10,75667057,75667181,0.72
chr10,22702147,22702271,0.72
chr10,101432003,101432127,0
chr10,22372954,22373078,0.72
chr10,7519581,7519705,0.72
chr10,79724876,79725000,0
chr10,2065511,2065635,0
chr10,17066751,17066875,0
chr10,109603312,109603436,0.72
chr10,34153738,34153862,0
chr10,56679865,56679989,0
chr10,50728962,50729086,0
chr10,125963389,125963513,0
chr10,38314356,38314480,0
chr10,22552360,22552484,0
chr10,16494589,16494713,0
chr10,53363575,53363699,0
chr10,88571056,88571180,0.72
chr10,98438073,98438197,0.72
chr10,18049521,18049645,0
chr10,102590986,102591110,0
chr10,108574075,108574199,0.72
chr10,108635799,108635923,0
chr10,132223780,132223904,1.289032258064516
chr10,112504023,112504147,0
chr10,56306959,56307083,0.9348387096774193
chr10,19741669,19741793,0
chr10,64315750,64315874,0
chr10,128420131,128420255,0
chr10,38882108,38882232,0
chr10,100084667,100084791,0
chr10,103593652,103593776,0.72
chr10,48861659,48861783,0.72
chr10,127377885,127378009,0
chr10,103222399,103222523,0
chr10,91286743,91286867,0
chr10,97885859,97885983,0
chr10,35634218,35634342,1.0959999999999999
chr10,7521909,7522033,0.72
chr10,75922472,75922596,0.796893203883495
chr10,95180344,95180468,0
chr10,79907176,79907300,0
chr10,74181344,74181468,0
chr10,58832548,58832672,0.7200000000000001
chr10,1792527,1792651,0.72
chr10,32440243,32440367,0.7316129032258064
chr10,59550937,59551061,0.72
chr10,123805765,123805889,0
chr10,25173973,25174097,0.72
chr10,127442067,127442191,1.2483870967741935
chr10,77060758,77060882,0.72
chr10,31050650,31050774,0
chr10,121171530,121171654,0
chr10,124187807,124187931,0
chr10,103851623,103851747,0
chr10,11849928,11850052,0.72
chr10,57820865,57820989,0.72
chr10,80495528,80495652,1.2
chr10,125419954,125420078,0.72
chr10,48486092,48486216,0
chr10,102626238,102626362,1.08
chr10,64511488,64511612,0
chr10,88801482,88801606,0
chr10,66970836,66970960,0
chr10,38001306,38001430,0
chr10,38208178,38208302,0
chr10,56713997,56714121,0
chr10,28365222,28365346,0
chr10,8306749,8306873,43.76741935483872
chr10,2162564,2162688,0
chr10,3096433,3096557,1.3600000000000003
chr10,80835988,80836112,0
chr10,60285718,60285842,0
chr10,19763285,19763409,0
chr10,50583277,50583401,0
chr10,11983025,11983149,0.7200000000000001
chr10,85627796,85627920,0.72
chr10,111108310,111108434,0.72
chr10,32830839,32830963,0
chr10,125537092,125537216,0
chr10,125870283,125870407,1.344
chr10,83450815,83450939,0
chr10,85059863,85059987,0
chr10,94785751,94785875,0.72
chr10,36744751,36744875,0
chr10,73991426,73991550,0.72
chr10,90589611,90589735,0.7199999999999999
chr10,7492451,7492575,0
chr10,41806861,41806985,0
chr10,45929235,45929359,0
chr10,127201578,127201702,0.72
chr10,34022009,34022133,0.72
chr10,9361472,9361596,0
chr10,107086238,107086362,0
chr10,104135243,104135367,0
chr10,115226531,115226655,0
chr10,95069804,95069928,0
chr10,37790218,37790342,0
chr10,12860231,12860355,0
chr10,4426454,4426578,0.72
chr10,108541073,108541197,0
chr10,120026181,120026305,0
chr10,22640030,22640154,0
chr10,36652278,36652402,0
chr12,81485692,81485816,0
chr12,16228323,16228447,0.7548387096774194
chr12,36880331,36880455,0
chr12,9643444,9643568,0
chr12,108381107,108381231,0
chr12,68971852,68971976,6.945483870967742
chr12,61598280,61598404,0
chr12,89634954,89635078,0
chr12,3839510,3839634,0
chr12,2047968,2048092,0.72
chr12,38555242,38555366,0
chr12,52584368,52584492,0
chr12,28126713,28126837,0
chr12,113197294,113197418,1.1604347826086958
chr12,71509630,71509754,0
chr12,117248828,117248952,0
chr12,122041764,122041888,0
chr12,63565484,63565608,0
chr12,104750658,104750782,0
chr12,28639522,28639646,0
chr12,50742276,50742400,0
chr12,95452750,95452874,0
chr12,89218037,89218161,0
chr12,27219221,27219345,0
chr12,129974669,129974793,0
chr12,14635798,14635922,0.9599999999999999
chr12,103571852,103571976,0
chr12,5120402,5120526,0
chr12,119665346,119665470,1.1789411764705882
chr12,53731397,53731521,0
chr12,88571402,88571526,0.72
chr12,31098433,31098557,0
chr12,117339743,117339867,0
chr12,28760654,28760778,0
chr12,94834750,94834874,0
chr12,39196123,39196247,0
chr12,99908976,99909100,0
chr12,11747123,11747247,0.8832989690721649
chr12,41733773,41733897,0
chr12,120751035,120751159,0
chr12,60715628,60715752,0
chr12,27116093,27116217,0
chr12,69492717,69492841,3.8845161290322574
chr12,2967080,2967204,0
chr12,112602733,112602857,0
chr12,44643252,44643376,0
chr12,28179800,28179924,0
chr12,6828865,6828989,0.72
chr12,113652793,113652917,0.73
chr12,109552086,109552210,0
chr12,93252081,93252205,0
chr12,31041793,31041917,0.7200000000000001
chr12,40557226,40557350,1.44
chr12,41437867,41437991,0
chr12,70556800,70556924,0.72
chr12,82207132,82207256,0.7316129032258064
chr12,69501267,69501391,23.322500000000005
chr12,35829460,35829584,0
chr12,90461650,90461774,0.72
chr12,101706459,101706583,0.73
chr12,127245585,127245709,6.577096774193548
chr12,115018197,115018321,0
chr12,15345307,15345431,0
chr12,48161150,48161274,0
chr12,24211546,24211670,0
chr12,54378774,54378898,2.1948387096774193
chr12,125362964,125363088,0.7706451612903227
chr12,112547674,112547798,0
chr12,98708777,98708901,0
chr12,89729969,89730093,1.289032258064516
chr12,30421721,30421845,0
chr12,36467727,36467851,0
chr12,75781562,75781686,6.543870967741937
chr12,69669966,69670090,1.463225806451613
chr12,30779800,30779924,0.72
chr12,17021302,17021426,0
chr12,56416196,56416320,0.72
chr12,39763136,39763260,0
chr12,90304019,90304143,0
chr12,24289667,24289791,0
chr12,94715786,94715910,0
chr12,88311302,88311426,0
chr12,101478674,101478798,0
chr12,33804488,33804612,0
chr12,27006486,27006610,0.7199999999999999
chr12,13267226,13267350,0
chr12,39543103,39543227,0
chr12,6928207,6928331,1.226138613861386
chr12,57280052,57280176,1.0695145631067962
chr12,121191191,121191315,1.2276470588235295
chr12,5295351,5295475,0
chr12,19075352,19075476,0
chr12,31647697,31647821,0
chr12,61053246,61053370,0
chr12,109503435,109503559,0
chr12,76774356,76774480,0
chr12,30377506,30377630,0
chr12,110533681,110533805,4.167419354838709
chr12,108725682,108725806,0
chr12,70046318,70046442,1.6258064516129034
chr12,39241240,39241364,0
chr12,109297761,109297885,0
chr12,130862219,130862343,0.73
chr12,96864740,96864864,0.7299999999999999
chr12,14944986,14945110,0
chr12,35199972,35200096,0
chr12,12396808,12396932,0.72
chr12,111884389,111884513,0.73
chr12,37583680,37583804,0
chr12,49925481,49925605,0.72
chr12,114244155,114244279,0
chr12,110131791,110131915,0
chr12,14550717,14550841,0
chr12,126954328,126954452,1.6938709677419352
chr12,78799157,78799281,0
chr12,39635391,39635515,0
chr12,84735143,84735267,0
chr12,44672294,44672418,0
chr12,46607706,46607830,0
chr12,20721470,20721594,0.72
chr12,23459937,23460061,0.7200000000000001
chr12,101198104,101198228,0
chr12,61004334,61004458,0
chr12,128537686,128537810,0.73
chr12,57692183,57692307,1.8378947368421055
chr12,30459560,30459684,1.5561290322580645
chr12,38161336,38161460,0
chr12,94749428,94749552,0
chr12,110841005,110841129,0
chr12,75618260,75618384,0
chr12,104057844,104057968,1.1248387096774193
chr12,23881454,23881578,0
chr12,133206480,133206604,0
chr12,92131496,92131620,0
chr12,77617666,77617790,0
chr12,109360424,109360548,0
chr12,35992630,35992754,0
chr12,85601038,85601162,0.72
chr12,61870778,61870902,0.72
chr12,105253982,105254106,7.825483870967741
chr12,21701568,21701692,0
chr12,28511308,28511432,0.72
chr12,72333155,72333279,0
chr12,25353595,25353719,0
chr12,107845583,107845707,0.73
chr12,86561593,86561717,0.7200000000000001
chr12,105214046,105214170,0
chr12,101506401,101506525,0
chr12,27346399,27346523,0
chr12,34461122,34461246,0
chr12,21173693,21173817,0
chr12,81374691,81374815,0
chr12,60825054,60825178,0
chr12,116024965,116025089,0
chr12,8752389,8752513,0
chr12,55826003,55826127,0.8842105263157894
chr12,22337484,22337608,0
chr12,3105349,3105473,0
chr12,98224609,98224733,0.73
chr12,67962548,67962672,0
chr12,40973032,40973156,0.72
chr12,60801534,60801658,0
chr12,17406186,17406310,0.7199999999999999
chr12,2353858,2353982,0.72
chr12,119090831,119090955,0
chr12,71182133,71182257,0.72
chr12,132634811,132634935,0.9448387096774193
chr12,45509308,45509432,0
chr12,84144602,84144726,0
chr12,94523049,94523173,0
chr12,110818111,110818235,0
chr12,40387387,40387511,0
chr12,116204982,116205106,0
chr12,41975503,41975627,0
chr12,90912938,90913062,0
chr12,68106426,68106550,3.948387096774194
chr12,13415462,13415586,0
chr12,100518772,100518896,0
chr12,14598675,14598799,0.72
chr12,16481314,16481438,0
chr12,59479358,59479482,0
chr12,24596596,24596720,0
chr12,72691352,72691476,0
chr12,18321900,18322024,0
chr12,51333859,51333983,0
chr12,20549645,20549769,0
chr12,71743888,71744012,0
chr12,35985515,35985639,0
chr12,72897677,72897801,0
chr12,62136173,62136297,0
chr12,9901291,9901415,0
chr12,100039748,100039872,0
chr12,128855802,128855926,0
chr12,89151126,89151250,0.72
chr12,117965526,117965650,0
chr12,37929944,37930068,0
chr12,43810850,43810974,0
chr12,24575778,24575902,0
chr12,52769287,52769411,0.72
chr12,85868805,85868929,0.72
chr12,37024555,37024679,0
chr12,111353755,111353879,0
chr12,54227503,54227627,1.44
chr12,24854769,24854893,1.2948387096774197
chr12,36283890,36284014,0
chr12,91085648,91085772,0
chr12,124155101,124155225,0
chr12,8658655,8658779,2.88
chr12,40112646,40112770,0
chr12,119104530,119104654,0
chr12,102932384,102932508,0.73
chr12,74582972,74583096,0
chr12,82880835,82880959,0.72
chr12,40903431,40903555,0
chr12,33875364,33875488,0.72
chr12,6551758,6551882,4.203870967741937
chr12,27724113,27724237,0
chr12,15807706,15807830,0.72
chr12,17354437,17354561,0
chr12,37285758,37285882,0
chr12,25556701,25556825,1.0799999999999998
chr12,106071562,106071686,0
chr12,46420027,46420151,0
chr12,109264600,109264724,1.1712903225806452
chr12,24599047,24599171,0
chr12,69704151,69704275,2.694193548387097
chr12,101118141,101118265,0
chr12,89369612,89369736,0
chr12,129301711,129301835,0
chr12,99310401,99310525,0
chr12,131212446,131212570,0
chr12,44796425,44796549,0
chr12,130906276,130906400,0
chr12,117695325,117695449,0.73
chr12,43459447,43459571,0
chr12,30445241,30445365,0
chr12,57845791,57845915,1.9741935483870967
chr12,10815580,10815704,0
chr12,6914789,6914913,2.125161290322581
chr12,28692928,28693052,0
chr12,92956859,92956983,0.72
chr12,125357130,125357254,0.73
chr12,56555747,56555871,0.72
chr12,92825602,92825726,0
chr12,10883749,10883873,0
chr12,9292543,9292667,0
chr12,62120739,62120863,0.72
chr12,115823386,115823510,0
chr12,78419287,78419411,0
chr12,116142912,116143036,0.9164285714285714
chr12,106878057,106878181,0
chr12,91626340,91626464,0
chr12,16036599,16036723,0
chr12,81871802,81871926,0
chr12,114645237,114645361,0.73
chr12,94811835,94811959,0
chr12,120036981,120037105,0
chr12,46765099,46765223,0
chr12,105574967,105575091,1.3857142857142857
chr12,23413261,23413385,0
chr12,12308853,12308977,0
chr12,34189676,34189800,0
chr12,74293015,74293139,0
chr12,74804099,74804223,0
chr12,3908576,3908700,0.772258064516129
chr12,82827789,82827913,0
chr12,57598395,57598519,0
chr12,32171708,32171832,0.72
chr12,60194433,60194557,0
chr12,55192846,55192970,0
chr12,45581403,45581527,0
chr12,33626907,33627031,0
chr12,123227485,123227609,0
chr12,4913566,4913690,0
chr12,27313958,27314082,0
chr12,115319871,115319995,0
chr12,89753621,89753745,0.72
chr12,36994862,36994986,0
chr12,89503394,89503518,0
chr12,47032992,47033116,0
chr12,96973044,96973168,0
chr12,70476718,70476842,11.125161290322579
chr12,20541650,20541774,0.72
chr12,82449473,82449597,0.72
chr12,124823512,124823636,0
chr12,32293860,32293984,0.72
chr12,121660961,121661085,0.73
chr12,93905653,93905777,0
chr12,46485986,46486110,0
chr12,20710322,20710446,0
chr12,11401832,11401956,0
chr12,4521117,4521241,0
chr12,123122262,123122386,0.7300000000000001
chr12,31275017,31275141,0
chr12,88717690,88717814,0.72
chr12,4398217,4398341,0
chr12,62552685,62552809,1.033548387096774
chr12,26516841,26516965,0
chr12,132981924,132982048,0
chr12,27146030,27146154,0
chr12,58726561,58726685,0
chr12,3674146,3674270,1.53
chr12,19408135,19408259,0
chr12,110621933,110622057,0
chr12,80549292,80549416,0
chr12,100423332,100423456,0
chr12,55954267,55954391,0
chr12,26640159,26640283,0
chr12,129551971,129552095,0.73
chr12,118579106,118579230,0
chr12,129094297,129094421,0
chr12,120590487,120590611,0
chr12,21624204,21624328,0
chr12,103270158,103270282,0.73
chr12,15675169,15675293,0
chr12,92868219,92868343,0
chr12,18067134,18067258,0
chr12,27086879,27087003,0
chr12,118724293,118724417,0
chr12,63079913,63080037,0.72
chr12,72760514,72760638,0
chr12,85396155,85396279,0
chr12,4199968,4200092,0.7200000000000001
chr12,63663508,63663632,0
chr12,23955826,23955950,0
chr12,132354434,132354558,1.3745161290322578
chr12,60930782,60930906,0
chr12,106268802,106268926,0
chr12,110649203,110649327,0.73
chr12,49065680,49065804,0
chr12,52662824,52662948,0.7199999999999999
chr12,61643298,61643422,0.72
chr12,28623706,28623830,0
chr12,14033969,14034093,0.72
chr12,74236357,74236481,0.72
chr12,15929772,15929896,0
chr12,84222388,84222512,0.72
chr12,22638798,22638922,0
chr12,110492595,110492719,0
chr12,85447812,85447936,0
chr12,51721392,51721516,1.4300000000000002
chr12,51234793,51234917,0
chr12,118358952,118359076,0
chr12,7109852,7109976,0
chr12,27061549,27061673,0
chr12,46455970,46456094,1.3470967741935485
chr12,74130085,74130209,0
chr12,53488965,53489089,0.72
chr12,24075269,24075393,0
chr12,22603697,22603821,0
chr12,82397842,82397966,0
chr12,111209454,111209578,0
chr12,31310586,31310710,0
chr12,11801073,11801197,0
chr12,76833012,76833136,0
chr12,112212815,112212939,0
chr12,89677710,89677834,0
chr12,74889969,74890093,5.214193548387097
chr12,96361539,96361663,0
chr12,46936186,46936310,0
chr12,13225379,13225503,0.72
chr12,110042497,110042621,0.73
chr12,7390114,7390238,0
chr12,54408126,54408250,0.9880851063829788
chr12,87031650,87031774,0.72
chr12,12018230,12018354,0.72
chr12,23273363,23273487,0
chr12,101727604,101727728,0
chr12,112366227,112366351,0
chr12,20451069,20451193,0
chr12,47165640,47165764,0
chr12,94468336,94468460,0
chr12,22243095,22243219,0
chr12,58789974,58790098,0
chr12,36450142,36450266,0
chr12,17978347,17978471,0.7199999999999999
chr12,10644836,10644960,0.72
chr12,70207495,70207619,2.334193548387097
chr12,28055319,28055443,0
chr12,52695751,52695875,0
chr12,96058797,96058921,0
chr12,89769596,89769720,2.101935483870968
chr12,66005925,66006049,0
chr12,131347599,131347723,0.8488349514563106
chr12,67928547,67928671,0
chr12,42645555,42645679,0
chr12,128044120,128044244,0
chr12,116039444,116039568,1.096101694915254
chr12,83518122,83518246,8.413548387096775
chr12,63820937,63821061,0
chr12,462964,463088,0.96
chr12,12793864,12793988,0
chr12,90208542,90208666,0
chr12,45162016,45162140,0
chr12,70891067,70891191,2.1251612903225814
chr12,132470153,132470277,0
chr12,17058410,17058534,0
chr12,28860121,28860245,0
chr12,16231741,16231865,0
chr12,132947141,132947265,0
chr12,69351053,69351177,2.6682352941176477
chr12,69083228,69083352,6.4393548387096775
chr12,113829312,113829436,0.8229032258064515
chr12,30314678,30314802,0.72
chr12,27874525,27874649,0
chr12,12890260,12890384,0.7200000000000001
chr12,93738581,93738705,0.72
chr12,40893279,40893403,0
chr12,66708725,66708849,0.72
chr12,100259894,100260018,0
chr12,63815447,63815571,0
chr12,64899076,64899200,0
chr12,49669018,49669142,0
chr12,23230167,23230291,0
chr12,25597340,25597464,0
chr12,39205375,39205499,0
chr12,42984661,42984785,0
chr12,123979671,123979795,0
chr12,103564125,103564249,0
chr12,11779349,11779473,0
chr12,36472300,36472424,0
chr12,35402814,35402938,0
chr12,4013910,4014034,1.4051612903225807
chr12,53990891,53991015,1.751186440677966
chr12,130593740,130593864,0
chr12,16218610,16218734,1.265806451612903
chr12,105443887,105444011,0
chr12,117427477,117427601,0
chr12,18578604,18578728,0
chr12,133052967,133053091,0
chr12,93701459,93701583,6.1490322580645165
chr12,105685050,105685174,0.73
chr12,75663565,75663689,0
chr12,75925285,75925409,0
chr12,10700901,10701025,0
chr12,93073866,93073990,0
chr12,3850122,3850246,0
chr12,58811740,58811864,0
chr12,87178457,87178581,0
chr12,108673922,108674046,0
chr12,117108549,117108673,0
chr12,48143945,48144069,0.7664516129032258
chr12,48182231,48182355,0
chr12,47780967,47781091,0.72
chr12,43784830,43784954,0.72
chr12,38601262,38601386,0
chr12,52796215,52796339,0.72
chr12,41889360,41889484,0.72
chr12,14362759,14362883,0
chr12,56066952,56067076,0.72
chr12,106229846,106229970,0.73
chr12,5284254,5284378,0
chr12,61674457,61674581,0
chr12,117411701,117411825,0.7299999999999999
chr12,8709289,8709413,0.72
chr12,113102871,113102995,0.73
chr12,117396901,117397025,0
chr12,59425648,59425772,0
chr12,129977274,129977398,0
chr12,21045325,21045449,0
chr12,98162550,98162674,0
chr12,2749392,2749516,0.72
chr12,9628517,9628641,0
chr12,85919404,85919528,0
chr12,16919433,16919557,0.72
chr12,117618508,117618632,0
chr12,86812580,86812704,0
chr12,66440459,66440583,0
chr12,6040041,6040165,7.449677419354839
chr12,44485721,44485845,0
chr12,89020788,89020912,0.72
chr12,97207708,97207832,0
chr12,91390647,91390771,0
chr12,55243010,55243134,0
chr12,106034662,106034786,0
chr12,117330046,117330170,0.73
chr12,105582473,105582597,0.73
chr12,68829020,68829144,8.994193548387099
chr12,112868045,112868169,0.73
chr12,82752869,82752993,0
chr12,32603721,32603845,0
chr12,132923457,132923581,0
chr12,105785151,105785275,0.73
chr12,27715861,27715985,0
chr12,12698723,12698847,0.72
chr12,105188956,105189080,0.782258064516129
chr12,60640647,60640771,0
chr12,128362284,128362408,0
chr12,58403493,58403617,0
chr12,69615576,69615700,2.7987096774193554
chr12,25575719,25575843,1.44
chr12,109487255,109487379,0.7948
chr12,118869808,118869932,0.73
chr12,106535888,106536012,0
chr12,111220758,111220882,0
chr12,28693756,28693880,0.7316129032258064
chr12,11263773,11263897,0
chr12,85859565,85859689,0
chr12,82821168,82821292,0
chr12,30922780,30922904,0
chr12,2048026,2048150,0.72
chr12,79651624,79651748,0
chr12,66676772,66676896,0
chr12,121104135,121104259,0
chr12,132220786,132220910,0.73
chr12,101218891,101219015,0
chr12,59812107,59812231,0
chr12,57723615,57723739,8.692258064516132
chr12,71374050,71374174,0
chr12,36464953,36465077,0
chr12,93813072,93813196,0
chr12,117254981,117255105,0
chr12,101012625,101012749,0
chr12,110918357,110918481,0
chr12,70742068,70742192,0
chr12,123260026,123260150,0
chr12,22203903,22204027,0
chr12,6610911,6611035,1.44
chr12,31532315,31532439,1.1845161290322581
chr12,121547382,121547506,0.73
chr12,97029050,97029174,0.73
chr12,33834278,33834402,0
chr12,1409206,1409330,0
chr12,132935521,132935645,0
chr12,56683111,56683235,0.72
chr12,44624167,44624291,0.72
chr12,35128375,35128499,0
chr12,29808053,29808177,0
chr12,13730238,13730362,0
chr12,8330605,8330729,0
chr12,3037867,3037991,0
chr12,64884804,64884928,0
chr12,23961355,23961479,0
chr12,25658795,25658919,0
chr12,70976301,70976425,0.7200000000000001
chr12,11551897,11552021,0
chr12,42352466,42352590,0
chr12,117928616,117928740,0.73
chr12,13664359,13664483,0
chr12,123720055,123720179,0
chr12,131141075,131141199,0
chr12,75679125,75679249,0
chr12,117335314,117335438,1.6734482758620688
chr12,60048093,60048217,0
chr12,52057378,52057502,0.8187096774193547
chr12,39828499,39828623,0
chr12,113853391,113853515,0
chr12,15461842,15461966,0.72
chr12,17603459,17603583,0
chr12,120670975,120671099,0.7358064516129033
chr12,75594866,75594990,0
chr12,84523837,84523961,0
chr12,69085530,69085654,6.3580645161290334
chr12,105296601,105296725,0.73
chr12,110415437,110415561,0.73
chr12,53341284,53341408,0.72
chr12,103164233,103164357,1.2588495575221237
chr12,13558175,13558299,0.8012903225806451
chr12,5067865,5067989,0
chr12,20447083,20447207,0.72
chr12,82012322,82012446,0.72
chr12,109318357,109318481,0.73
chr12,120759277,120759401,0
chr12,55801227,55801351,0
chr12,7382928,7383052,1.8119999999999998
chr12,74523758,74523882,4.238709677419355
chr12,85419104,85419228,0
chr12,115361636,115361760,0.73
chr12,26812367,26812491,0
chr12,53243183,53243307,0.72
chr12,72417314,72417438,0.72
chr12,1725550,1725674,0
chr12,39269476,39269600,0
chr12,62768290,62768414,1.2745945945945945
chr12,65342049,65342173,0
chr12,71058210,71058334,1.4341935483870971
chr12,124790631,124790755,0.73
chr12,123755659,123755783,0
chr12,103087434,103087558,0.73
chr12,97973092,97973216,0
chr12,83506222,83506346,0
chr12,74448155,74448279,0
chr12,5739745,5739869,1.230967741935484
chr12,78893393,78893517,0.72
chr12,103854639,103854763,1.322258064516129
chr12,35637363,35637487,0
chr12,18657999,18658123,0
chr12,43035583,43035707,0.72
chr12,8597009,8597133,0
chr12,25239310,25239434,0.72
chr12,23485559,23485683,0
chr12,99367305,99367429,0
chr12,121583285,121583409,0
chr12,60296211,60296335,0.72
chr12,47403590,47403714,0
chr12,119535208,119535332,0
chr12,102556085,102556209,0
chr12,72330850,72330974,0
chr12,33214507,33214631,0
chr12,114383763,114383887,0
chr12,102678110,102678234,0.73
chr12,97555819,97555943,0
chr12,89523046,89523170,0
chr12,62944380,62944504,0.72
chr12,33360093,33360217,0
chr12,52601384,52601508,0
chr12,43109458,43109582,0
chr12,66889252,66889376,0
chr12,109110836,109110960,0.73
chr12,51968150,51968274,0
chr12,40985151,40985275,0
chr12,52656403,52656527,0.72
chr12,4218916,4219040,0.72
chr12,22686346,22686470,0.72
chr12,127368411,127368535,0
chr12,104691963,104692087,0.73
chr12,61475600,61475724,0
chr12,21491085,21491209,0
chr12,100192326,100192450,0.7300000000000001
chr12,67539240,67539364,0
chr12,50520019,50520143,0
chr12,17781328,17781452,0
chr12,91114225,91114349,0
chr12,73682544,73682668,0
chr12,36591399,36591523,0
chr12,66277907,66278031,0.7200000000000001
chr12,13848023,13848147,0
chr12,37389456,37389580,0
chr12,19282952,19283076,0.72
chr12,131513612,131513736,0.8112903225806452
chr12,70378318,70378442,2.4212903225806452
chr12,6586101,6586225,0
chr12,131490668,131490792,0.73
chr12,84989438,84989562,0
chr12,15031987,15032111,0
chr12,38932719,38932843,1.1788235294117648
chr12,96708466,96708590,0
chr12,40898505,40898629,0
chr12,48873907,48874031,1.380983606557377
chr12,47025239,47025363,0
chr12,77272707,77272831,0.72
chr12,38891943,38892067,0.72
chr12,33682566,33682690,0
chr12,15827083,15827207,0
chr12,39736280,39736404,0.72
chr12,133081345,133081469,0
chr12,78241485,78241609,0
chr12,49586945,49587069,0.72
chr12,3460176,3460300,0
chr12,22030111,22030235,0
chr12,38076989,38077113,0
chr12,2107191,2107315,0
chr12,7438960,7439084,0.72
chr12,50018943,50019067,0.8825806451612903
chr12,6738845,6738969,0
chr12,41996147,41996271,1.2019354838709675
chr12,42913171,42913295,0
chr12,50651361,50651485,0
chr12,49084333,49084457,0
chr12,103569219,103569343,0
chr12,68266468,68266592,0
chr12,96285876,96286000,0
chr12,73940806,73940930,0.72
chr12,79041022,79041146,0
chr12,80381815,80381939,0
chr12,60469104,60469228,0
chr12,9971285,9971409,1.3125663716814162
chr12,116786799,116786923,1.3916216216216215
chr12,81294382,81294506,0
chr12,60323597,60323721,1.44
chr12,13521558,13521682,0
chr12,1868451,1868575,0
chr12,33146238,33146362,0
chr12,1255079,1255203,0
chr12,19527610,19527734,0.72
chr12,81825749,81825873,0
chr12,93884009,93884133,2.252903225806451
chr12,59467317,59467441,0
chr12,119687288,119687412,0.7300000000000001
chr12,78419483,78419607,0
chr12,57338482,57338606,0
chr12,686780,686904,0
chr12,6904587,6904711,4.581290322580645
chr12,3536372,3536496,0
chr12,35700537,35700661,0
chr12,66470470,66470594,0
chr12,5044129,5044253,0
chr12,22890405,22890529,0.72
chr12,4849574,4849698,0.7200000000000001
chr12,61536296,61536420,0
chr12,54299598,54299722,1.4399999999999997
chr12,7970779,7970903,13.401290322580648
chr12,25797227,25797351,0.7199999999999999
chr12,27617733,27617857,0
chr12,133234700,133234824,0.73
chr12,655239,655363,0.7432258064516128
chr12,34855439,34855563,0
chr12,51154439,51154563,0
chr12,82867037,82867161,0
chr12,109229232,109229356,0.73
chr12,46947450,46947574,0
chr12,124197295,124197419,0.73
chr12,89637182,89637306,0.72
chr12,72171748,72171872,0.9058064516129033
chr12,82098874,82098998,0.7200000000000001
chr12,66116899,66117023,3.785806451612903
chr12,128469671,128469795,0
chr12,116820797,116820921,0.8304651162790696
chr12,115118202,115118326,0.73
chr12,122280544,122280668,0.73
chr12,36571602,36571726,0
chr12,33952195,33952319,0
chr12,14456847,14456971,0.72
chr12,89505746,89505870,1.2890322580645162
chr12,96570585,96570709,0
chr12,21526581,21526705,0
chr12,89301672,89301796,0
chr12,87993317,87993441,0
chr12,40666927,40667051,0
chr12,25995154,25995278,0
chr12,40132008,40132132,0
chr12,132523323,132523447,1.5254838709677419
chr12,13092568,13092692,0
chr12,124397353,124397477,1.6500000000000001
chr12,118418642,118418766,1.043548387096774
chr12,26169188,26169312,0.7199999999999999
chr12,26626828,26626952,0
chr12,17003764,17003888,0
chr12,18119588,18119712,0
chr12,94604143,94604267,0
chr12,94752220,94752344,0
chr12,17271659,17271783,0
chr12,42956030,42956154,0
chr12,111023129,111023253,0
chr12,103836842,103836966,0.73
chr12,109557807,109557931,1.3083606557377048
chr12,70221182,70221306,1.3599999999999999
chr12,109359492,109359616,0
chr12,125948707,125948831,0
chr12,103701223,103701347,0
chr12,129434565,129434689,0.73
chr12,81099316,81099440,0
chr12,27197567,27197691,0
chr12,95871202,95871326,0
chr12,80996835,80996959,0
chr12,74178310,74178434,0
chr12,56492727,56492851,0
chr12,101683260,101683384,0
chr12,111389512,111389636,0.8199999999999998
chr12,130364786,130364910,0
chr12,2216095,2216219,0.7258064516129031
chr12,130769237,130769361,0
chr12,112891416,112891540,1.3585714285714285
chr12,38539589,38539713,0
chr12,87388731,87388855,0
chr12,22661993,22662117,0
chr12,89050253,89050377,1.1295412844036699
chr12,16298181,16298305,0.72
chr12,55572798,55572922,0.72
chr12,74116720,74116844,0.72
chr12,15333535,15333659,0
chr12,93988836,93988960,0
chr12,120083950,120084074,0
chr12,29456393,29456517,0.72
chr12,120605660,120605784,0
chr12,34943180,34943304,0
chr12,73095195,73095319,0
chr12,5997472,5997596,0.72
chr12,19206104,19206228,0
chr12,75851066,75851190,1.140923076923077
chr12,121396321,121396445,0
chr12,12702239,12702363,0
chr12,6003105,6003229,0
chr12,7290185,7290309,0
chr12,48123470,48123594,0
chr12,54349585,54349709,1.027741935483871
chr12,73061511,73061635,0
chr12,86269855,86269979,0
chr12,11569206,11569330,0.72
chr12,78348024,78348148,0
chr12,114405022,114405146,0.73
chr12,19210900,19211024,0
chr12,126406626,126406750,0
chr12,31176920,31177044,0
chr12,65851968,65852092,1.1976237623762376
chr12,41891437,41891561,0
chr12,123274986,123275110,0
chr12,14726813,14726937,0
chr12,121243953,121244077,0
chr12,54264582,54264706,0
chr12,41898621,41898745,0
chr12,75030909,75031033,0
chr12,32203857,32203981,0
chr12,59819701,59819825,0
chr12,68835895,68836019,4.28516129032258
chr12,43483536,43483660,0
chr12,17918880,17919004,0
chr12,42696001,42696125,0
chr12,89607190,89607314,0
chr12,79141723,79141847,0
chr12,93464660,93464784,0.8651612903225806
chr12,32247823,32247947,0
chr12,124510493,124510617,1.9203225806451614
chr12,70997981,70998105,0
chr12,70793726,70793850,0.72
chr12,63353768,63353892,0
chr12,117931056,117931180,0.73
chr12,74285151,74285275,0
chr12,69353333,69353457,1.98
chr12,84102618,84102742,0
chr12,31068992,31069116,0
chr12,56525803,56525927,0
chr12,71896242,71896366,0
chr12,75767289,75767413,0
chr12,42323837,42323961,0
chr12,96884765,96884889,0
chr12,77958449,77958573,0
chr12,117802708,117802832,0.73
chr12,100530413,100530537,0
chr12,22863288,22863412,0.72
chr12,130616208,130616332,0
chr12,3818897,3819021,0
chr12,30385567,30385691,0
chr12,132825470,132825594,0
chr12,79295735,79295859,0.72
chr12,74236919,74237043,0
chr12,45511618,45511742,0
chr12,59083377,59083501,0
chr12,66445092,66445216,0.72
chr12,82627306,82627430,0.72
chr12,82435201,82435325,0
chr12,103275926,103276050,0
chr12,97497480,97497604,0
chr12,14528574,14528698,0
chr12,132764364,132764488,0.7299999999999999
chr12,21965215,21965339,0
chr12,98896224,98896348,0.73
chr12,40621963,40622087,0
chr12,63420532,63420656,0.72
chr12,110619687,110619811,1.757741935483871
chr12,16165381,16165505,0.72
chr12,44744274,44744398,0
chr12,116538291,116538415,0
chr12,62898135,62898259,0.72
chr12,128046966,128047090,0.73
chr12,36008055,36008179,0
chr12,77117904,77118028,0
chr12,61697001,61697125,0
chr12,29491790,29491914,0
chr12,21432589,21432713,0
chr12,29077331,29077455,0
chr12,123241298,123241422,0
chr12,22167792,22167916,0
chr12,126320534,126320658,0
chr12,63265174,63265298,0.72
chr12,70779167,70779291,1.134
chr12,74734117,74734241,0.72
chr12,69173332,69173456,8.024516129032259
chr12,119397320,119397444,0
chr12,107060366,107060490,0.7300000000000001
chr12,123486615,123486739,0
chr12,81766943,81767067,0
chr12,18872053,18872177,0
chr12,93323383,93323507,0
chr12,70638371,70638495,3.6812903225806455
chr12,46466674,46466798,0
chr12,17993840,17993964,0.7199999999999999
chr12,28826665,28826789,0
chr12,59517457,59517581,0
chr12,119249678,119249802,0
chr12,132947105,132947229,0
chr12,5847616,5847740,0
chr12,53248676,53248800,0.72
chr12,126641663,126641787,0
chr12,94639892,94640016,0.72
chr12,123505218,123505342,0.73
chr12,87031275,87031399,0
chr12,43924234,43924358,0
chr12,21093727,21093851,0
chr12,64307728,64307852,0.9284210526315789
chr12,11314833,11314957,0.72
chr12,127218992,127219116,0
chr12,21274855,21274979,0
chr12,73379337,73379461,0
chr12,32605496,32605620,0
chr12,45395100,45395224,0
chr12,95425574,95425698,0
chr12,7532476,7532600,0
chr12,98796426,98796550,0.73
chr12,99415516,99415640,0
chr12,47895912,47896036,0
chr12,52208647,52208771,0.72
chr12,3587933,3588057,1.0741935483870966
chr12,87104280,87104404,0
chr12,16883286,16883410,0
chr12,100982264,100982388,0
chr12,74432936,74433060,0
chr12,47363699,47363823,0.72
chr12,116473635,116473759,0
chr12,132854579,132854703,0
chr12,75216447,75216571,2.189032258064517
chr12,122664123,122664247,0
chr12,97438617,97438741,0.73
chr12,70898812,70898936,0.7200000000000001
chr12,76401599,76401723,0
chr12,51812915,51813039,1.492258064516129
chr12,61279784,61279908,0
chr12,107953267,107953391,0
chr12,28923632,28923756,0
chr12,21492151,21492275,0
chr12,601882,602006,0.72
chr12,27143385,27143509,1.9277419354838712
chr12,50502451,50502575,0
chr12,41458394,41458518,0
chr12,38685756,38685880,0
chr12,89370021,89370145,0
chr12,85605708,85605832,0
chr12,64990832,64990956,0.72
chr12,131753564,131753688,0
chr12,47501400,47501524,0
chr12,48938047,48938171,0
chr12,91356147,91356271,0
chr12,85163630,85163754,0
chr12,132669141,132669265,0.73
chr12,34419144,34419268,0
chr12,49146046,49146170,0.751858407079646
chr12,57221005,57221129,0.9812903225806451
chr12,55494766,55494890,0
chr12,61477914,61478038,0
chr12,85691095,85691219,0.72
chr12,79354147,79354271,0.72
chr12,120250148,120250272,2.362
chr12,1146804,1146928,0
chr12,23243414,23243538,0
chr12,122639710,122639834,0.73
chr12,68057858,68057982,0
chr12,75746342,75746466,0.72
chr12,23675510,23675634,0
chr12,71144077,71144201,0
chr12,18630906,18631030,0
chr12,93454280,93454404,0
chr12,19440085,19440209,0.7200000000000001
chr12,32735818,32735942,0
chr12,49917240,49917364,0
chr12,3006524,3006648,0
chr12,24340053,24340177,0.9215999999999999
chr12,37311972,37312096,0
chr12,36946422,36946546,0
chr12,118155107,118155231,0
chr12,72631360,72631484,0
chr12,83634421,83634545,5.556774193548387
chr12,54877357,54877481,0
chr12,121274258,121274382,0.73
chr12,25067316,25067440,0
chr12,91759877,91760001,0
chr12,64073181,64073305,0
chr12,100929980,100930104,0
chr12,69551344,69551468,1.2372815533980583
chr12,121136239,121136363,0
chr12,67178164,67178288,0
chr12,84123780,84123904,0.72
chr12,29813314,29813438,0
chr12,80912719,80912843,0
chr12,6969292,6969416,0.7664516129032257
chr12,94851616,94851740,0
chr12,126859497,126859621,0
chr12,57231072,57231196,0.72
chr12,110268737,110268861,0
chr12,97365825,97365949,0
chr12,90333606,90333730,0
chr12,97787264,97787388,0
chr12,34792398,34792522,0
chr12,81749185,81749309,0
chr12,20328290,20328414,0
chr12,90362633,90362757,0
chr12,37752465,37752589,0
chr12,23125795,23125919,0
chr12,61467921,61468045,0
chr12,83662119,83662243,2.6825806451612904
chr12,23663667,23663791,0
chr12,100673906,100674030,0
chr12,131736641,131736765,0.9041935483870968
chr12,30830043,30830167,0.72
chr12,61740323,61740447,0
chr12,107747025,107747149,0
chr12,108140837,108140961,0.73
chr12,12205486,12205610,0
chr12,70380479,70380603,8.732903225806451
chr12,109468634,109468758,0
chr12,44874754,44874878,0
chr12,44276549,44276673,0
chr12,115589949,115590073,0
chr12,104506338,104506462,0.73
chr12,125426170,125426294,0
chr12,85881468,85881592,0
chr12,66391793,66391917,0
chr12,16000821,16000945,0
chr12,38746682,38746806,0
chr12,76076843,76076967,0
chr12,69324436,69324560,6.840000000000002
chr12,71476808,71476932,6.700887096774195
chr12,41296927,41297051,0
chr12,6433702,6433826,0
chr12,126358793,126358917,0
chr12,10807107,10807231,0
chr12,16776108,16776232,0
chr12,127072095,127072219,0
chr12,102534852,102534976,0.73
chr12,56137244,56137368,0.72
chr12,122387905,122388029,0.73
chr12,82689715,82689839,0
chr12,110661704,110661828,0.73
chr12,79301041,79301165,0.8193103448275861
chr12,102168367,102168491,0.73
chr12,101819809,101819933,0.73
chr12,121986409,121986533,0.73
chr12,2797684,2797808,0
chr12,14282958,14283082,0
chr12,112141897,112142021,0
chr12,77336608,77336732,0.72
chr12,44699417,44699541,0
chr12,47916455,47916579,0
chr12,43445425,43445549,0
chr12,82257144,82257268,0
chr12,100063653,100063777,0
chr12,47635409,47635533,0.72
chr12,80568987,80569111,0
chr12,22708672,22708796,0
chr12,100606589,100606713,0
chr12,83742792,83742916,2.118620689655173
chr12,56253853,56253977,0.72
chr12,81759447,81759571,1.1032258064516127
chr12,119332453,119332577,0
chr12,129648484,129648608,0
chr12,99737334,99737458,0
chr12,7859707,7859831,0.72
chr12,50147707,50147831,0
chr12,43755828,43755952,0.7199999999999999
chr12,20449541,20449665,0.72
chr12,132172887,132173011,0.73
chr12,48523977,48524101,0
chr12,95256479,95256603,0
chr12,23534175,23534299,0.7199999999999999
chr12,32203582,32203706,0.72
chr12,54641745,54641869,0.72
chr12,49419072,49419196,0
chr12,93167401,93167525,0.72
chr12,37079517,37079641,0
chr12,54348524,54348648,0
chr12,76796975,76797099,0
chr12,64293572,64293696,0
chr12,125715206,125715330,0
chr12,32637351,32637475,0.72
chr12,78808538,78808662,0
chr12,60241001,60241125,0.7199999999999999
chr12,49952142,49952266,0
chr12,29895091,29895215,0
chr12,7224867,7224991,0
chr12,124759516,124759640,0.8461290322580645
chr12,131561271,131561395,0
chr12,56656546,56656670,0
chr12,60103685,60103809,0
chr12,96240415,96240539,0.73
chr12,19950764,19950888,0
chr12,76960441,76960565,0
chr12,37435337,37435461,0
chr12,41290178,41290302,0
chr12,87662937,87663061,0
chr12,20774608,20774732,0
chr12,122431525,122431649,1.0783870967741935
chr12,123566188,123566312,0
chr12,27242433,27242557,0
chr12,100830823,100830947,0.73
chr12,109207770,109207894,0
chr12,85427909,85428033,0
chr12,76020696,76020820,7.966451612903227
chr12,55815961,55816085,0
chr12,60239458,60239582,0
chr12,37412791,37412915,0
chr12,101950435,101950559,0
chr12,66543048,66543172,0
chr12,27222463,27222587,0.72
chr12,7357562,7357686,0
chr12,104636452,104636576,0
chr12,49162914,49163038,0.72
chr12,58924311,58924435,0
chr12,107482313,107482437,1.1364516129032258
chr12,14249138,14249262,0.72
chr12,131637972,131638096,1.5719354838709676
chr12,89906859,89906983,0
chr12,130124228,130124352,0
chr12,124367323,124367447,0.73
chr12,10420107,10420231,0
chr12,97701695,97701819,1.014516129032258
chr12,81190493,81190617,0
chr12,8966652,8966776,0
chr12,93323423,93323547,0
chr12,71186264,71186388,0.72
chr12,34881078,34881202,0
chr12,122791667,122791791,0.73
chr12,46594681,46594805,0
chr12,86785268,86785392,0
chr12,83365165,83365289,0
chr12,80789659,80789783,0
chr12,105477528,105477652,0.73
chr12,66038968,66039092,0
chr12,97480836,97480960,0
chr12,79225900,79226024,1.1618181818181816
chr12,31494734,31494858,0
chr12,24523635,24523759,0.72
chr12,92749826,92749950,0
chr12,87027259,87027383,0
chr12,128516000,128516124,0.73
chr12,113528604,113528728,0
chr12,29352841,29352965,0
chr12,90728927,90729051,0
chr12,66855971,66856095,0
chr12,77666109,77666233,0.7199999999999999
chr12,49223122,49223246,1.0974193548387097
chr12,42024440,42024564,1.161290322580645
chr12,50696498,50696622,0.72
chr12,83842401,83842525,7.966451612903224
chr12,118919086,118919210,0
chr12,5368910,5369034,0
chr12,4362036,4362160,0.72
chr12,49984936,49985060,1.2486075949367088
chr12,84027552,84027676,0.72
chr12,93980149,93980273,0
chr12,81554517,81554641,0
chr12,80305652,80305776,0
chr12,68419854,68419978,0.72
chr12,95550501,95550625,0
chr12,108884046,108884170,0
chr12,70032713,70032837,0
chr12,132313800,132313924,0
chr12,74592017,74592141,0
chr12,24167624,24167748,0.72
chr12,70751430,70751554,3.327096774193549
chr12,16668078,16668202,0
chr12,28449191,28449315,0
chr12,12396420,12396544,0.72
chr12,29953192,29953316,0
chr12,30957685,30957809,0
chr12,60871572,60871696,0
chr12,117708771,117708895,0
chr12,130725487,130725611,1.45
chr12,68410953,68411077,0
chr12,95825483,95825607,0
chr12,52007376,52007500,1.2934513274336281
chr12,11535415,11535539,0
chr12,132959335,132959459,0
chr12,130727523,130727647,0.73
chr12,66082452,66082576,0
chr12,92186324,92186448,0
chr12,92306973,92307097,0
chr12,19595856,19595980,0
chr12,26802038,26802162,0
chr12,47744353,47744477,0
chr12,49741795,49741919,3.3445161290322583
chr12,22015745,22015869,0
chr12,64105133,64105257,0
chr12,12540703,12540827,0
chr12,92672856,92672980,4.930714285714285
chr12,128615957,128616081,0.73
chr12,66085678,66085802,0
chr12,13967966,13968090,0
chr12,91201677,91201801,0
chr12,36133206,36133330,0
chr12,61668796,61668920,0.72
chr12,92321174,92321298,0
chr12,61437934,61438058,0
chr12,52894814,52894938,0
chr12,47659433,47659557,0
chr12,60537636,60537760,0
chr12,46199379,46199503,0
chr12,104239470,104239594,0
chr12,131800390,131800514,0.73
chr12,92347729,92347853,0
chr12,91238659,91238783,0
chr12,60748148,60748272,0
chr12,28475976,28476100,0
chr12,37855238,37855362,0
chr12,35212513,35212637,0
chr12,58707026,58707150,0
chr12,50545878,50546002,2.612903225806452
chr12,68030743,68030867,0
chr12,121534496,121534620,0.73
chr12,30868049,30868173,0
chr12,113808096,113808220,0.73
chr12,68333114,68333238,0
chr12,58276757,58276881,0
chr12,40326426,40326550,0
chr12,67317630,67317754,0.72
chr12,132810267,132810391,0
chr12,127912646,127912770,0.73
chr12,31884122,31884246,0
chr12,50905820,50905944,0
chr12,7946617,7946741,0.72
chr12,84175313,84175437,0.7200000000000001
chr12,13492786,13492910,0
chr12,38591173,38591297,0.72
chr12,126542378,126542502,0
chr12,60800968,60801092,0
chr12,27586904,27587028,0
chr12,25751786,25751910,0
chr12,131309646,131309770,1.293225806451613
chr12,115373659,115373783,0
chr12,41008396,41008520,0
chr12,99477510,99477634,0
chr12,85605736,85605860,0
chr12,7696195,7696319,0
chr12,32100551,32100675,0
chr12,98101247,98101371,0
chr12,17033410,17033534,0.72
chr12,66204738,66204862,0
chr12,54798828,54798952,0
chr12,49127311,49127435,2.189032258064516
chr12,32965938,32966062,0
chr12,39345505,39345629,0.72
chr12,118008860,118008984,0.9313559322033899
chr12,2029215,2029339,2.3864516129032256
chr12,42861900,42862024,2.1309677419354838
chr12,17713307,17713431,0
chr12,2798310,2798434,0
chr12,38095922,38096046,0
chr12,22264114,22264238,0.72
chr12,2430333,2430457,0
chr12,27632355,27632479,0
chr12,125538668,125538792,0
chr12,110766616,110766740,0.73
chr12,44947722,44947846,0
chr12,84716910,84717034,0
chr12,71719876,71720000,0.72
chr12,88642043,88642167,0
chr12,63887366,63887490,1.0916129032258064
chr12,45490093,45490217,0
chr12,40907935,40908059,0
chr12,128423191,128423315,0
chr12,98781277,98781401,0
chr12,51181234,51181358,0
chr12,108905396,108905520,0.73
chr12,116102326,116102450,0.73
chr12,25593116,25593240,0.72
chr12,93754581,93754705,0
chr12,54123596,54123720,0
chr12,2318998,2319122,0.72
chr12,51002367,51002491,0
chr12,119508851,119508975,0
chr12,94244382,94244506,0
chr12,122692495,122692619,0.73
chr12,17664174,17664298,0
chr12,26527022,26527146,0
chr12,7885712,7885836,0
chr12,94182308,94182432,0.72
chr12,106007390,106007514,0
chr12,6756698,6756822,0.72
chr12,115182744,115182868,0
chr12,63285769,63285893,0
chr12,42007281,42007405,0.72
chr12,18555897,18556021,0.795483870967742
chr12,126151846,126151970,0
chr12,95188834,95188958,4.546451612903227
chr12,54760117,54760241,0
chr12,21023913,21024037,0
chr12,74496201,74496325,0
chr12,102671968,102672092,0.73
chr12,9964476,9964600,0
chr12,50507754,50507878,0.72
chr12,91042560,91042684,0
chr12,77293745,77293869,0
chr12,57935710,57935834,0.72
chr12,80210194,80210318,1.1729032258064516
chr12,1713629,1713753,0
chr12,29137452,29137576,0
chr12,6873481,6873605,16.48596774193548
chr12,91178618,91178742,0.7664516129032257
chr12,75453901,75454025,3.2516129032258063
chr12,72606434,72606558,0.72
chr12,37590080,37590204,0.72
chr12,19252712,19252836,0
chr12,28372306,28372430,0
chr12,99816595,99816719,0
chr12,131139429,131139553,1.8448387096774193
chr12,29096203,29096327,0
chr12,105943636,105943760,0.73
chr12,66017073,66017197,0.72
chr12,9418979,9419103,0.72
chr12,72551585,72551709,0
chr12,92538548,92538672,2.89741935483871
chr12,64470322,64470446,0
chr12,129729202,129729326,0
chr12,2444191,2444315,0.72
chr12,30416882,30417006,0.72
chr12,53713378,53713502,0.72
chr12,78290083,78290207,1.7941935483870965
chr12,132801542,132801666,0.73
chr12,54194826,54194950,0.72
chr12,127936158,127936282,1.217741935483871
chr12,66084126,66084250,0
chr12,19058076,19058200,0
chr12,66593425,66593549,0
chr12,123956701,123956825,0
chr12,67926385,67926509,0.7200000000000001
chr12,53395818,53395942,0
chr12,58934099,58934223,0.72
chr12,110449865,110449989,1.5429032258064515
chr12,96496536,96496660,0
chr12,63705094,63705218,0.72
chr12,69979712,69979836,0.72
chr12,14679207,14679331,0
chr12,119620052,119620176,0.73
chr12,117638558,117638682,0.73
chr12,52464282,52464406,0
chr12,92909297,92909421,0
chr12,47939968,47940092,0.72
chr12,84961013,84961137,0
chr12,117232348,117232472,0.73
chr12,15654119,15654243,0
chr12,104851532,104851656,0
chr12,118963392,118963516,0
chr12,6921782,6921906,1.3819354838709677
chr12,4587606,4587730,0.72
chr12,69995193,69995317,1.6490322580645163
chr12,116830901,116831025,0
chr12,118596586,118596710,0
chr12,130504974,130505098,0
chr12,77409426,77409550,0
chr12,54029880,54030004,0.72
chr12,22403066,22403190,0
chr12,78718471,78718595,0
chr12,8852938,8853062,0
chr12,29680569,29680693,0
chr12,77070286,77070410,0
chr12,93525433,93525557,0
chr12,79385779,79385903,2.7211764705882353
chr12,33521299,33521423,0
chr12,25418224,25418348,0
chr12,43235064,43235188,0
chr12,34890738,34890862,0
chr12,124479934,124480058,1.374516129032258
chr12,101046633,101046757,0.73
chr12,90685884,90686008,0
chr12,73130750,73130874,0
chr12,8779578,8779702,0
chr12,38060438,38060562,0
chr12,31060850,31060974,0
chr12,87100126,87100250,0
chr12,82239977,82240101,0
chr12,25515615,25515739,0.72
chr12,9507623,9507747,0
chr12,130711676,130711800,0.73
chr12,52587524,52587648,0.72
chr12,101246394,101246518,0
chr12,106557207,106557331,0
chr12,109360848,109360972,0
chr12,56452997,56453121,1.4632258064516128
chr12,74469413,74469537,0
chr12,61535774,61535898,0
chr12,12151050,12151174,0
chr12,119064843,119064967,0
chr12,121328470,121328594,0.73
chr12,4034243,4034367,0
chr12,88121962,88122086,0
chr12,112012071,112012195,0.73
chr12,910033,910157,0.72
chr12,60189801,60189925,0
chr12,18061367,18061491,1.056774193548387
chr12,62227289,62227413,0
chr12,55171195,55171319,0
chr12,131345403,131345527,0
chr12,110753456,110753580,0.73
chr12,65362356,65362480,0.72
chr12,114715032,114715156,0.73
chr13,57771160,57771284,0
chr13,68885436,68885560,3.170322580645162
chr13,73274908,73275032,0
chr13,74182260,74182384,3.81483870967742
chr13,111848126,111848250,0
chr13,25476785,25476909,0
chr13,77997601,77997725,0
chr13,108815603,108815727,0
chr13,24358191,24358315,0
chr13,110911062,110911186,0
chr13,51857528,51857652,0
chr13,56084605,56084729,0
chr13,57428631,57428755,0
chr13,88058175,88058299,0
chr13,79804310,79804434,0
chr13,16327426,16327550,0
chr13,43059571,43059695,0
chr13,65182332,65182456,0
chr13,72821695,72821819,0
chr13,82307678,82307802,0
chr13,86068964,86069088,0
chr13,37040512,37040636,0
chr13,22289194,22289318,0
chr13,37406724,37406848,0.72
chr13,104169656,104169780,0
chr13,113956124,113956248,0.7199999999999999
chr13,53709581,53709705,0
chr13,72209117,72209241,0
chr13,29992135,29992259,0
chr13,20714695,20714819,0.7628571428571428
chr13,62478882,62479006,0
chr13,55643623,55643747,0
chr13,17607329,17607453,0
chr13,69731718,69731842,0
chr13,37366974,37367098,1.0933333333333333
chr13,57596864,57596988,0
chr13,41723745,41723869,0
chr13,29666764,29666888,0
chr13,109492875,109492999,0.72
chr13,68488026,68488150,0
chr13,97473817,97473941,0
chr13,34177604,34177728,0
chr13,110466158,110466282,0.72
chr13,83437141,83437265,0
chr13,29422052,29422176,0
chr13,95434139,95434263,0
chr13,102386487,102386611,0
chr13,20622213,20622337,0.72
chr13,33821374,33821498,0
chr13,46113356,46113480,0
chr13,100334518,100334642,0
chr13,26276045,26276169,0
chr13,69299146,69299270,0
chr13,112803106,112803230,0
chr13,81161238,81161362,0
chr13,90999109,90999233,0.72
chr13,76582223,76582347,0
chr13,70161710,70161834,0
chr13,27080345,27080469,1.44
chr14,29693650,29693774,0
chr14,34536707,34536831,0
chr14,42202997,42203121,0
chr14,57077995,57078119,0
chr14,106458947,106459071,0
chr15,23979212,23979336,0
chr15,29758092,29758216,0
chr15,36427640,36427764,0
chr15,54128926,54129050,0.72
chr15,92827863,92827987,1.3836521739130434
chr15,39365313,39365437,0
chr15,101736343,101736467,0
chr15,73707098,73707222,6.178064516129032
chr15,53196347,53196471,0.72
chr15,44867040,44867164,0
chr15,32256687,32256811,0
chr15,94972573,94972697,0
chr15,45322177,45322301,0.72
chr15,35864794,35864918,0
chr15,30254490,30254614,0
chr15,46196253,46196377,0
chr15,20343972,20344096,2.1890322580645165
chr15,82652537,82652661,0
chr15,48290032,48290156,0
chr15,79540971,79541095,0
chr15,52315606,52315730,0
chr15,37298359,37298483,0.72
chr15,93651106,93651230,0
chr15,91821472,91821596,4.546451612903226
chr15,70237966,70238090,0
chr15,65512081,65512205,0
chr15,91942078,91942202,4.331612903225808
chr15,24504121,24504245,0
chr15,91414766,91414890,0.72
chr15,46681005,46681129,0
chr15,87438551,87438675,0
chr15,85475187,85475311,0
chr15,59440167,59440291,0.72
chr15,99023418,99023542,0
chr15,93056416,93056540,1.4050485436893203
chr15,26487386,26487510,0
chr15,50627391,50627515,2.656991150442478
chr15,80629689,80629813,0.72
chr15,85980992,85981116,0
chr15,49014903,49015027,0
chr15,91148948,91149072,0.72
chr15,73842755,73842879,0
chr15,53225346,53225470,0
chr15,49265050,49265174,0
chr15,98485287,98485411,6.700645161290324
chr15,69185645,69185769,0.72
chr15,70832801,70832925,0
chr15,87943424,87943548,0.72
chr15,19186078,19186202,0
chr15,64896095,64896219,2.247096774193549
chr15,45267454,45267578,0.7780645161290323
chr15,60769786,60769910,0.72
chr15,64111986,64112110,0
chr15,77180172,77180296,0.72
chr15,82818615,82818739,0
chr15,38109960,38110084,1.003943661971831
chr15,65810043,65810167,0
chr15,73905385,73905509,1.0916129032258064
chr15,95020246,95020370,0
chr15,76741875,76741999,0
chr15,80953241,80953365,1.7651612903225806
chr15,51914441,51914565,0.72
chr15,101384213,101384337,0.7490322580645161
chr15,35347704,35347828,0
chr15,90970456,90970580,5.324516129032259
chr15,46104036,46104160,1.0895575221238938
chr15,23182808,23182932,0
chr15,24882113,24882237,0
chr15,17825848,17825972,0
chr15,27678034,27678158,0.72
chr15,27496682,27496806,0
chr15,44604016,44604140,0
chr15,90222405,90222529,0.72
chr15,70312738,70312862,0
chr15,97297679,97297803,0
chr15,56095977,56096101,0.72
chr15,64336853,64336977,0
chr15,82110054,82110178,0.72
chr15,59774384,59774508,0.72
chr15,66753488,66753612,0.9929032258064515
chr15,91047396,91047520,4.633548387096775
chr15,70023005,70023129,2.7929032258064517
chr15,52939582,52939706,0
chr15,88446676,88446800,0
chr15,69974585,69974709,0.72
chr15,29981414,29981538,0
chr15,85039375,85039499,2.0670967741935486
chr15,92005965,92006089,3.936774193548387
chr15,65242351,65242475,0
chr15,62363786,62363910,0.72
chr15,40436897,40437021,0.72
chr15,100013092,100013216,0
chr15,96394195,96394319,0
chr15,52573872,52573996,0
chr15,92538888,92539012,1.0948760330578513
chr15,34382267,34382391,0
chr15,97168281,97168405,0
chr15,27621497,27621621,0.72
chr15,64829275,64829399,0.8139130434782609
chr15,99019714,99019838,41.87983870967743
chr15,62029705,62029829,0
chr15,31762303,31762427,0.72
chr15,100170276,100170400,0.72
chr15,42762217,42762341,1.26
chr15,76981696,76981820,0.72
chr15,68914145,68914269,0
chr15,55048633,55048757,0
chr15,68222927,68223051,0
chr15,67670241,67670365,0.72
chr15,95714747,95714871,0.72
chr15,70778774,70778898,18.80443548387098
chr15,17008057,17008181,0
chr15,39367195,39367319,0.72
chr15,40948528,40948652,0.72
chr15,22545759,22545883,0
chr15,21957781,21957905,0
chr15,58455376,58455500,0.72
chr15,65601879,65602003,0.72
chr15,85382421,85382545,1.4283870967741934
chr15,29211118,29211242,0
chr15,87961909,87962033,0.72
chr15,70858443,70858567,0
chr15,77844361,77844485,0.72
chr15,57034216,57034340,0
chr15,67288465,67288589,0
chr15,49177682,49177806,0.72
chr15,100851360,100851484,0.72
chr15,33601169,33601293,1.3993548387096773
chr15,70103381,70103505,0.72
chr15,57220631,57220755,0
chr15,64522776,64522900,0.72
chr15,35403041,35403165,0
chr15,67378125,67378249,0
chr15,95145164,95145288,0
chr15,38433926,38434050,0.72
chr15,17826503,17826627,0
chr15,55068313,55068437,0
chr15,54757169,54757293,0
chr15,54057993,54058117,0
chr15,100204518,100204642,0.72
chr15,73766039,73766163,0
chr15,74910158,74910282,0
chr15,90544867,90544991,0
chr15,43194110,43194234,0
chr15,24733338,24733462,0
chr15,38411729,38411853,0
chr15,80648634,80648758,0
chr15,37957307,37957431,0
chr15,43819962,43820086,0
chr15,75925819,75925943,0
chr15,47113799,47113923,0
chr15,30652797,30652921,0
chr15,79869361,79869485,0
chr15,24991363,24991487,0
chr15,72744260,72744384,0.7199999999999999
chr15,81963882,81964006,1.004516129032258
chr15,85003019,85003143,3.228387096774193
chr15,87397654,87397778,0.72
chr15,49764397,49764521,0
chr15,39701598,39701722,0.72
chr15,21552278,21552402,0
chr15,93043062,93043186,0.72
chr15,22873247,22873371,1.1845161290322581
chr15,51609438,51609562,0.72
chr15,85306786,85306910,0.72
chr15,87591163,87591287,0.72
chr15,55135484,55135608,0
chr15,54427152,54427276,0
chr15,75916147,75916271,0
chr15,63179552,63179676,0.72
chr15,83240641,83240765,0
chr15,32287504,32287628,0
chr15,77402419,77402543,0.72
chr15,28531138,28531262,0
chr15,46482258,46482382,0
chr15,17602770,17602894,0
chr15,83557184,83557308,0.7199999999999999
chr15,49336476,49336600,0
chr15,97497902,97498026,0
chr15,67978857,67978981,0
chr15,77916124,77916248,0
chr15,95861145,95861269,0
chr15,98783448,98783572,6.137419354838712
chr15,24211066,24211190,0
chr15,94752993,94753117,0
chr15,38195071,38195195,0.72
chr15,78426771,78426895,0
chr15,77827356,77827480,0
chr15,30840570,30840694,0
chr15,83259423,83259547,0.72
chr15,90126981,90127105,0.72
chr15,29441671,29441795,0
chr15,69581241,69581365,1.0518260869565217
chr15,97058704,97058828,0
chr15,17687866,17687990,0
chr15,88737282,88737406,0
chr15,80849646,80849770,4.441935483870968
chr15,75331382,75331506,0
chr15,20100486,20100610,0
chr15,29559021,29559145,0.8535483870967742
chr15,28709356,28709480,0
chr15,46808877,46809001,0.72
chr15,98325986,98326110,2.2529032258064516
chr15,94418526,94418650,0.72
chr15,36450113,36450237,0
chr15,17212927,17213051,0
chr15,82416226,82416350,0.72
chr15,99045716,99045840,1.2890322580645162
chr15,74459373,74459497,0
chr15,86849892,86850016,0
chr15,75986307,75986431,0
chr15,75980512,75980636,0
chr15,17247474,17247598,0
chr15,44101250,44101374,0.72
chr15,22796903,22797027,4.128387096774195
chr15,31788115,31788239,0
chr15,71893597,71893721,0.72
chr15,48134142,48134266,0
chr15,49225874,49225998,1.829032258064516
chr15,21261898,21262022,0.8941935483870967
chr15,49388112,49388236,0
chr15,37510023,37510147,0
chr15,26958256,26958380,0.72
chr15,45668537,45668661,0
chr15,72658174,72658298,0
chr15,94191169,94191293,0
chr15,52904654,52904778,0
chr15,71528993,71529117,1.2822857142857143
chr15,73179364,73179488,0
chr15,82604880,82605004,0
chr15,56291136,56291260,0
chr15,83476974,83477098,0.7200000000000001
chr15,85845504,85845628,0
chr15,68015650,68015774,0.72
chr15,23127148,23127272,0
chr15,86905836,86905960,0
chr15,28215189,28215313,0
chr15,46711897,46712021,0.72
chr15,74173816,74173940,0.72
chr16,60538988,60539112,0
chr16,3874855,3874979,0.72
chr16,30560594,30560718,0
chr16,31796328,31796452,0
chr16,51358340,51358464,0.72
chr16,12328632,12328756,0
chr16,21587665,21587789,0
chr16,81799331,81799455,0
chr16,46486542,46486666,0
chr16,89590470,89590594,0
chr16,79040983,79041107,0
chr16,70745704,70745828,0.783716814159292
chr16,71286109,71286233,0
chr16,74972492,74972616,0.7200000000000001
chr16,15542392,15542516,1.008
chr16,31938969,31939093,0
chr16,31542117,31542241,0.72
chr16,36919811,36919935,0
chr16,9972463,9972587,0
chr16,36341752,36341876,0
chr16,17041554,17041678,0
chr16,52629940,52630064,0.72
chr16,12689428,12689552,0
chr16,80941026,80941150,0
chr16,28605595,28605719,0.72
chr16,51210183,51210307,0
chr16,13765807,13765931,0
chr16,23743700,23743824,0
chr16,35253755,35253879,0
chr16,30269679,30269803,0
chr16,28250494,28250618,0.72
chr16,38049498,38049622,0
chr16,30881230,30881354,0
chr16,88034186,88034310,0
chr16,50154993,50155117,1.5909677419354842
chr16,82386300,82386424,0
chr16,28208482,28208606,0.72
chr16,4880766,4880890,0.9348387096774193
chr16,81442722,81442846,0.72
chr16,69982050,69982174,0
chr16,581157,581281,0.883960396039604
chr16,15149252,15149376,0
chr16,60321951,60322075,0.72
chr16,86334285,86334409,0
chr16,14915701,14915825,0
chr16,58487461,58487585,0.7199999999999999
chr16,63492189,63492313,0
chr16,89572269,89572393,0.7200000000000001
chr16,33751713,33751837,0
chr16,30715350,30715474,0
chr16,9697805,9697929,0
chr16,7264447,7264571,0
chr16,1278073,1278197,0.72
chr16,84127995,84128119,0
chr16,12981346,12981470,1.155483870967742
chr16,6622338,6622462,0.72
chr16,24408524,24408648,0
chr16,36979772,36979896,0
chr16,86203098,86203222,0
chr16,33176324,33176448,0
chr16,65510827,65510951,0.72
chr16,63390400,63390524,0
chr16,75314323,75314447,0
chr16,11015928,11016052,0
chr16,63456904,63457028,0
chr16,71093781,71093905,0
chr16,26688974,26689098,0
chr16,27469939,27470063,1.6896774193548387
chr16,8228663,8228787,0
chr16,59855719,59855843,0
chr16,75663323,75663447,0
chr16,71205958,71206082,0
chr16,47618532,47618656,0
chr16,21829694,21829818,0
chr16,65729711,65729835,0
chr16,86042295,86042419,0.72
chr16,34054645,34054769,0
chr16,14195192,14195316,0
chr16,7976264,7976388,0
chr16,77946240,77946364,0
chr16,18531111,18531235,0
chr16,14841312,14841436,0
chr16,48067499,48067623,0
chr16,36794017,36794141,0
chr16,71846395,71846519,1.0675862068965518
chr16,81284230,81284354,0
chr16,52197761,52197885,0
chr16,76647536,76647660,0
chr16,36820498,36820622,0
chr16,68020786,68020910,0
chr16,85501908,85502032,0.72
chr16,83895096,83895220,1.3296774193548386
chr16,9856321,9856445,0
chr16,60384898,60385022,0
chr16,26962370,26962494,1.1356701030927834
chr16,69062750,69062874,12.925161290322581
chr16,23849100,23849224,0
chr16,70474238,70474362,1.1154098360655735
chr16,71155942,71156066,0
chr16,35945293,35945417,0
chr16,84610009,84610133,0
chr16,74658295,74658419,0
chr16,47407891,47408015,0
chr16,23948126,23948250,0.948
chr16,84220591,84220715,0.72
chr16,52064617,52064741,0
chr16,25521527,25521651,0
chr16,85015701,85015825,0.72
chr16,84665379,84665503,0.72
chr17,47281958,47282082,0
chr17,51307466,51307590,0
chr17,59056352,59056476,0
chr17,28208209,28208333,0
chr17,64698273,64698397,0
chr17,80413575,80413699,0.8187096774193547
chr17,40797531,40797655,0
chr17,65612624,65612748,0
chr17,1313276,1313400,0
chr17,73521369,73521493,0
chr17,39185582,39185706,2.3283870967741933
chr17,22591027,22591151,0
chr17,64460007,64460131,0
chr17,61512753,61512877,0.72
chr18,12956717,12956841,0
chr18,33127377,33127501,0
chr18,1357955,1358079,0
chr18,45359943,45360067,0
chr18,49066500,49066624,0
chr18,36143791,36143915,0
chr18,71200265,71200389,0
chr18,5105818,5105942,0.72
chr18,4321927,4322051,0.7199999999999999
chr18,43545414,43545538,0
chr18,73837733,73837857,1.143529411764706
chr20,26488309,26488433,0
chr20,35836394,35836518,0
chr20,60646874,60646998,0
chr20,19209370,19209494,0
chr20,16008656,16008780,0
chr20,43985432,43985556,0
chr20,57034059,57034183,1.3587096774193548
chr20,43380881,43381005,0
chr20,25144162,25144286,0
chr20,52335809,52335933,0
chr20,44501759,44501883,4.267741935483871
chr20,4768872,4768996,0
chr20,40896729,40896853,0
chr20,42116599,42116723,0.72
chr20,44367551,44367675,0
chr20,23419201,23419325,0
chr20,15646724,15646848,0
chr20,47315985,47316109,4.290491803278688
chr20,14483194,14483318,4.604516129032258
chr20,14748977,14749101,0
chr20,52144606,52144730,0
chr20,38424793,38424917,0
chr20,34955309,34955433,5.893548387096775
chr20,2593509,2593633,0.772258064516129
chr20,23678211,23678335,0
chr20,49230393,49230517,1.5649586776859503
chr20,40167650,40167774,0
chr20,33964909,33965033,0.72
chr20,24196480,24196604,0
chr20,50764202,50764326,0.72
chr20,35919410,35919534,0
chr20,4903738,4903862,0
chr20,51339825,51339949,0
chr20,54779061,54779185,0
chr20,3443592,3443716,0
chr20,17555263,17555387,0.72
chr20,42584240,42584364,0.72
chr20,6386763,6386887,0.72
chr20,23016670,23016794,0
chr20,45386343,45386467,0
chr20,62489421,62489545,1.1148387096774193
chr20,55873929,55874053,0
chr20,50203111,50203235,0
chr20,26272939,26273063,0.72
chr20,43856824,43856948,0
chr20,51197007,51197131,0.7200000000000001
chr20,44416871,44416995,0
chr20,34273991,34274115,0.72
chr20,50211393,50211517,0
chr20,54299490,54299614,0
chr20,30508516,30508640,0.72
chr20,45104648,45104772,0
chr20,45791251,45791375,0
chr20,26585625,26585749,0
chr20,47397824,47397948,0
chr20,55158680,55158804,0
chr20,32657482,32657606,0.72
chr20,41836236,41836360,0.72
chr20,56998984,56999108,1.178181818181818
chr20,56690879,56691003,0.72
chr20,37622658,37622782,1.4047058823529412
chr20,61427239,61427363,1.463225806451613
chr20,3947225,3947349,0
chr20,59003299,59003423,0.9246315789473682
chr20,9514867,9514991,0.7199999999999999
chr20,21554530,21554654,0.72
chr20,24819065,24819189,0
chr20,45827763,45827887,0.72
chr20,25788326,25788450,0
chr20,5029435,5029559,0
chr20,21745397,21745521,0.72
chr20,38224941,38225065,0.9812903225806451
chr20,17050457,17050581,0
chr20,5316871,5316995,0.72
chr20,21479701,21479825,0
chr20,54592859,54592983,0
chr20,40313248,40313372,0
chr20,23654312,23654436,0.72
chr20,46691201,46691325,0
chr20,51606633,51606757,0.72
chr20,16288223,16288347,1.8000000000000003
chr20,37034104,37034228,0.72
chr20,59693539,59693663,0.7432258064516128
chr20,15691803,15691927,0
chr20,26946031,26946155,0
chr20,47965304,47965428,0
chr20,17017975,17018099,0
chr20,5309453,5309577,1.0848
chr20,27139711,27139835,0
chr20,47599136,47599260,0.72
chr20,27584416,27584540,0
chr20,17415326,17415450,0
chr20,18672764,18672888,0.72
chr20,57934069,57934193,0
chr20,13216040,13216164,0
chr20,21723289,21723413,0
chr20,48586788,48586912,0
chr20,37735090,37735214,0
chr20,33981928,33982052,0.7200000000000001
chr20,14763335,14763459,0.7394594594594595
chr20,28571693,28571817,0
chr20,40192384,40192508,0.72
chr20,37314682,37314806,0.72
chr20,58462910,58463034,0
chr20,6701724,6701848,0
chr20,46381357,46381481,0
chr20,52256128,52256252,0
chr20,44384135,44384259,0
chr20,38964975,38965099,0.72
chr20,1196722,1196846,2.0787096774193548
chr20,14713534,14713658,0.72
chr20,1646856,1646980,0
chr20,35614760,35614884,1.2998230088495573
chr20,32295821,32295945,0
chr20,16444004,16444128,0
chr20,60161119,60161243,0.7200000000000001
chr20,35107693,35107817,0
chr20,20973606,20973730,0.7200000000000001
chr20,61552344,61552468,0
chr20,34058886,34059010,0.72
chr20,44984923,44985047,0
chr20,39339097,39339221,0
chr20,23718732,23718856,0
chr20,44800185,44800309,0
chr20,49308775,49308899,0
chr20,45220746,45220870,0
chr20,32095183,32095307,0
chr20,33381314,33381438,0
chr20,49039240,49039364,0
chr20,2127832,2127956,1.44
chr20,48223761,48223885,0
chr20,8862901,8863025,0.72
chr20,32473493,32473617,1.3529032258064517
chr20,8902717,8902841,0.72
chr20,43868088,43868212,0.72
chr20,45438076,45438200,0
chr20,16336649,16336773,0
chr20,28576526,28576650,0
chr20,23746071,23746195,0.72
chr20,23195876,23196000,0
chr20,25768629,25768753,0
chr20,1415921,1416045,72.0122580645162
chr20,14469859,14469983,1.207741935483871
chr20,42290155,42290279,0
chr20,61807104,61807228,0.72
chr20,1848084,1848208,0
chr20,39939045,39939169,0
chr20,18609760,18609884,0.72
chr20,21781324,21781448,1.2425806451612904
chr19,5999663,5999787,0.7199999999999999
chr19,33952422,33952546,0.72
chr19,3439550,3439674,0
chr19,50885168,50885292,0.72
chr19,29581826,29581950,0
chr19,21717110,21717234,0
chr19,22214586,22214710,0
chr19,24311721,24311845,0
chr19,5155046,5155170,0
chr19,16874700,16874824,0.72
chr19,23546909,23547033,0
chr19,7110075,7110199,1.0219354838709678
chr19,45445867,45445991,0
chr19,31616513,31616637,0
chr19,5897938,5898062,1.4186138613861388
chr19,1331202,1331326,0
chr19,34841713,34841837,0.72
chr19,37563348,37563472,1.1729032258064516
chr22,13859248,13859372,0
chr22,43652880,43653004,0.72
chr21,26163084,26163208,0.7200000000000001
chr21,46406509,46406633,0
chr21,34616613,34616737,0.7199999999999999
chr21,30103906,30104030,0.72
chr21,30411100,30411224,0
chr21,10366186,10366310,0
chr21,15096847,15096971,0.7200000000000001
chr21,15373598,15373722,0
chr21,22904735,22904859,0
chr21,14145676,14145800,0
chr21,41330977,41331101,0.72
chr21,19495226,19495350,0.72
chr21,11076994,11077118,0
chr21,37194524,37194648,0
chr21,35374269,35374393,0
chr21,16789893,16790017,0.72
chr21,16126143,16126267,0.72
chr21,15482126,15482250,0.72
chr21,36220745,36220869,0.72
chr21,39469244,39469368,0
chr21,43907962,43908086,0
chr21,37263571,37263695,0.72
chr21,34906417,34906541,0
chr21,9010029,9010153,0
chr21,19174088,19174212,0
chr21,8560238,8560362,0
chr21,29974091,29974215,0
chr21,8773919,8774043,0
chr21,24943808,24943932,0
chr21,14453420,14453544,0.72
chr21,36861929,36862053,2.258709677419355
chr21,18549727,18549851,0
chr21,20631781,20631905,0
chr21,35964741,35964865,0
chr21,23289212,23289336,0.72
chr21,26963810,26963934,0.7316129032258065
chr21,16825917,16826041,0.72
chr21,34476989,34477113,0
chr21,43668355,43668479,0.72
chr21,31703576,31703700,0.72
chr21,8132210,8132334,0
chr21,18904819,18904943,0
chr21,32664025,32664149,0
chr21,31142189,31142313,0
chr21,38430010,38430134,0
chr21,10885276,10885400,0
chr21,22485249,22485373,0
chr21,35043036,35043160,0.7199999999999999
chr21,6735013,6735137,0
chr21,34531497,34531621,0.7200000000000001
chr21,43173674,43173798,0
chr21,40023526,40023650,0
chr21,9374264,9374388,0
chr21,17760897,17761021,0.72
chr21,34081615,34081739,0
chr21,45578762,45578886,1.3993548387096773
chr21,35167246,35167370,0
chr21,45722707,45722831,0
chr21,25744866,25744990,0
chr21,17286305,17286429,0
chr21,8454242,8454366,0
chr21,35639971,35640095,0.72
chr21,40904799,40904923,0.72
chr21,21630825,21630949,0
chr21,19346161,19346285,0
chr21,30940483,30940607,0.72
chr21,31424132,31424256,0
chr21,9050684,9050808,0
chr21,30631393,30631517,0
chr21,26995230,26995354,1.1845161290322581
chr21,37860752,37860876,0
chr21,8249207,8249331,0
chr21,32100839,32100963,0.7199999999999999
chr21,42736780,42736904,1.2425806451612904
chr21,16996645,16996769,0
chr21,22370133,22370257,0
chr21,35837912,35838036,0
chr21,41176811,41176935,0.7199999999999999
chr21,21067908,21068032,1.2948387096774194
chr21,15538122,15538246,0
chr21,27516110,27516234,0
chr21,45071267,45071391,0.7200000000000001
chr21,23999821,23999945,0
chr21,28907973,28908097,0
chr21,10716363,10716487,0
chr21,35511920,35512044,1.898709677419355
chr21,23788380,23788504,0
chr21,35630130,35630254,0
chr21,37046334,37046458,0.72
chr21,25544451,25544575,0
chr21,45780914,45781038,0.72
chr21,13251495,13251619,0
chr21,43625599,43625723,0.72
chr21,44991064,44991188,0.803720930232558
chr21,35656042,35656166,0
chr21,19876791,19876915,0
chr21,44055021,44055145,0
chr21,9618944,9619068,0
chr21,46406679,46406803,0
chr21,36284162,36284286,0
chr21,29553218,29553342,0
chr21,43608030,43608154,0
chr21,15880426,15880550,0
chr21,8645818,8645942,0
chr21,37269803,37269927,0.8361290322580646
chr21,13628372,13628496,0
chr21,17539961,17540085,0.72
chr21,25947919,25948043,0
chr21,42861210,42861334,0.72
chr21,7074540,7074664,0
chr21,37665812,37665936,0.72
chr21,19977541,19977665,0
chr21,28480765,28480889,0
chr21,43820966,43821090,0.72
chr21,11267285,11267409,0
chr21,45489992,45490116,0
chr21,5893279,5893403,0
chr21,38272352,38272476,0.7200000000000001
chr21,33074693,33074817,0
chr21,17164894,17165018,0
chr21,38952641,38952765,0.72
chr21,5979926,5980050,0
chr21,20365647,20365771,0
chr21,23340148,23340272,0
