Chromosome,Start,End,Accessibility_Score
chr1,629285,629409,0
chr1,629763,629887,0
chr1,630280,630404,0
chr1,630765,630889,0
chr1,631138,631262,0
chr1,631445,631569,0
chr1,632003,632127,0.72
chr1,632495,632619,0
chr1,632810,632934,0
chr1,633130,633254,0
chr1,633435,633559,0
chr1,633713,633837,0
chr1,634220,634344,0
chr1,634760,634884,0
chr1,7961490,7961614,98.2155645161291
chr1,7961580,7961704,84.75354838709684
chr1,53945898,53946022,19.447338709677425
chr1,65420333,65420457,31.23129032258066
chr1,107622723,107622847,0
chr1,125179128,125179252,0
chr1,125179683,125179807,0
chr1,125180075,125180199,2.345806451612903
chr1,125180450,125180574,0
chr1,125182185,125182309,0
chr1,125182443,125182567,0
chr1,143216725,143216849,0
chr1,143231355,143231479,0
chr1,143232980,143233104,0
chr1,143262225,143262349,0
chr1,143262670,143262794,0
chr1,143264598,143264722,0.72
chr1,150236135,150236259,56.489516129032275
chr1,161045910,161046034,21.464596774193552
chr1,171010268,171010392,0
chr1,171447793,171447917,5.794838709677419
chr1,171781378,171781502,607.7873387096779
chr1,171817900,171818024,119.54427419354845
chr1,172397070,172397194,1.991612903225807
chr1,172407388,172407512,2.183225806451613
chr1,172532780,172532904,602.8517741935489
chr1,172532980,172533104,632.9527419354843
chr1,172638935,172639059,374.6204838709678
chr1,172639050,172639174,310.21572580645187
chr1,181880353,181880477,13.576129032258065
chr1,182346520,182346644,8.088387096774195
chr1,182349005,182349129,31.028064516129042
chr1,183866703,183866827,17.249354838709685
chr1,183869760,183869884,11.63209677419355
chr1,183869865,183869989,14.489919354838714
chr1,183869970,183870094,15.302258064516131
chr1,183870058,183870182,13.923145161290329
chr1,183870303,183870427,2.88
chr1,183874225,183874349,7.763225806451612
chr1,183882553,183882677,16.71306451612904
chr1,183883500,183883624,17.26080645161291
chr1,183889285,183889409,9.307741935483874
chr1,183889458,183889582,6.120000000000001
chr1,185719185,185719309,162.94661290322594
chr1,185790745,185790869,8.041935483870969
chr1,185796125,185796249,15.012096774193546
chr1,185822108,185822232,21.418387096774193
chr1,185822163,185822287,20.860967741935482
chr1,185829270,185829394,6.619354838709677
chr1,185830508,185830632,6.578709677419355
chr1,185830563,185830687,7.08967741935484
chr1,185830743,185830867,6.596129032258067
chr1,185836683,185836807,4.9877419354838715
chr1,185838268,185838392,21.58096774193549
chr1,185838400,185838524,13.837338709677423
chr1,185927238,185927362,11.850967741935486
chr1,185937468,185937592,6.642580645161292
chr1,185944690,185944814,7.960645161290324
chr1,185945288,185945412,4.894838709677419
chr1,185956960,185957084,9.505161290322583
chr1,185972343,185972467,22.7808064516129
chr1,185983618,185983742,7.798064516129034
chr1,186026833,186026957,6.561290322580646
chr1,186026905,186027029,4.6974193548387095
chr1,186055395,186055519,5.893548387096774
chr1,186099750,186099874,1.7245161290322586
chr1,186102610,186102734,160.53540322580653
chr1,186104648,186104772,8.901290322580646
chr1,186136885,186137009,3.78
chr1,186375340,186375464,555.7082258064521
chr1,186583973,186584097,2.71741935483871
chr1,186669818,186669942,1.3724999999999998
chr1,186689360,186689484,1.0916129032258064
chr1,188307598,188307722,6.898064516129033
chr1,188330818,188330942,7.6412903225806454
chr1,188345183,188345307,15.18645161290323
chr1,188365128,188365252,8.181290322580647
chr1,188365285,188365409,7.983870967741936
chr1,188369540,188369664,7.083870967741936
chr1,188372310,188372434,2.6593548387096777
chr1,188410483,188410607,7.385806451612903
chr1,188415605,188415729,8.465806451612904
chr1,188538908,188539032,2.3516129032258064
chr1,188603393,188603517,5.649677419354839
chr1,188612710,188612834,2.938064516129033
chr1,188693585,188693709,1.7129032258064516
chr1,188706878,188707002,1426.7011290322598
chr1,188708925,188709049,4.48258064516129
chr1,188708980,188709104,5.574193548387098
chr1,188731605,188731729,8.715483870967743
chr1,188732090,188732214,7.6238709677419365
chr1,188737425,188737549,10.532903225806454
chr1,188747605,188747729,6.503225806451614
chr1,188751903,188752027,2.7870967741935484
chr1,188761920,188762044,12.76483870967742
chr1,188766210,188766334,4.935483870967743
chr1,188766318,188766442,5.02258064516129
chr1,188769143,188769267,14.404193548387099
chr1,188769368,188769492,11.828306451612903
chr1,188769468,188769592,12.908306451612905
chr1,188774848,188774972,10.869677419354838
chr1,188789668,188789792,9.214838709677418
chr1,188798205,188798329,1.0974193548387094
chr1,188800300,188800424,5.434838709677419
chr1,188803290,188803414,1.8929032258064518
chr1,188825810,188825934,16.001693548387102
chr1,188830040,188830164,7.612258064516131
chr1,188830220,188830344,4.616129032258064
chr1,188836470,188836594,12.790403225806456
chr1,188837300,188837424,10.556129032258069
chr1,188838400,188838524,0
chr1,188840540,188840664,17.284193548387098
chr1,188841210,188841334,5.899354838709679
chr1,188841468,188841592,1.04
chr1,188842850,188842974,15.786129032258069
chr1,188843750,188843874,20.622903225806464
chr1,188843895,188844019,19.322258064516134
chr1,188846645,188846769,42.89645161290324
chr1,188847178,188847302,18.979677419354843
chr1,188847440,188847564,7.031612903225808
chr1,188849230,188849354,10.045161290322582
chr1,188852730,188852854,7.560000000000002
chr1,188855163,188855287,7.565806451612905
chr1,188855245,188855369,13.475483870967745
chr1,188855385,188855509,16.985806451612905
chr1,188855575,188855699,13.85387096774194
chr1,188857800,188857924,41.36354838709679
chr1,188857948,188858072,45.85209677419356
chr1,188858843,188858967,1.8618181818181823
chr1,188860170,188860294,8.082580645161292
chr1,188860680,188860804,18.357177419354844
chr1,188860840,188860964,16.11798387096775
chr1,188860893,188861017,11.97379032258065
chr1,188862995,188863119,13.771935483870974
chr1,188865573,188865697,17.638387096774196
chr1,188865673,188865797,15.971209677419356
chr1,188867118,188867242,15.21927419354839
chr1,188867630,188867754,9.307741935483872
chr1,188868338,188868462,7.86193548387097
chr1,188869188,188869312,10.197822580645164
chr1,188869515,188869639,22.730403225806462
chr1,188869648,188869772,18.222016129032262
chr1,188873388,188873512,11.544032258064519
chr1,188873500,188873624,10.39935483870968
chr1,188874290,188874414,10.393548387096779
chr1,188885403,188885527,9.650322580645165
chr1,188885525,188885649,5.411612903225807
chr1,188885585,188885709,5.487096774193549
chr1,188887740,188887864,30.708709677419378
chr1,188888378,188888502,624.5437903225811
chr1,188888468,188888592,939.0329838709683
chr1,188888558,188888682,812.421370967743
chr1,188905450,188905574,2.566451612903226
chr1,188906408,188906532,3.135483870967742
chr1,188908230,188908354,10.538709677419357
chr1,188918248,188918372,9.992903225806453
chr1,188924185,188924309,7.07225806451613
chr1,188925118,188925242,10.242580645161294
chr1,188927610,188927734,6.276774193548388
chr1,188928218,188928342,5.0922580645161295
chr1,188930810,188930934,10.702419354838714
chr1,188935515,188935639,9.661935483870968
chr1,188935713,188935837,17.887741935483874
chr1,188937340,188937464,4.558064516129032
chr1,188940943,188941067,12.861290322580647
chr1,188941075,188941199,12.986451612903227
chr1,188942173,188942297,5.934193548387097
chr1,188953453,188953577,25.802258064516142
chr1,188953520,188953644,29.007419354838728
chr1,188958783,188958907,124.0804838709678
chr1,188960855,188960979,19.33387096774194
chr1,188961150,188961274,16.591048387096777
chr1,188964230,188964354,2.101935483870968
chr1,188964763,188964887,17.603548387096776
chr1,188979470,188979594,0.952258064516129
chr1,188979730,188979854,4.645161290322581
chr1,188980678,188980802,13.24459677419355
chr1,188990820,188990944,7.368387096774194
chr1,188998273,188998397,6.7703225806451615
chr1,189004950,189005074,2.427096774193549
chr1,189015815,189015939,8.64
chr1,189015893,189016017,8.001290322580646
chr1,189039345,189039469,5.0516129032258075
chr1,189051375,189051499,3.4780645161290327
chr1,189052085,189052209,5.161935483870969
chr1,189077228,189077352,5.742580645161291
chr1,189078503,189078627,13.388629032258068
chr1,189086155,189086279,11.891612903225807
chr1,189106220,189106344,1.6722580645161291
chr1,189110998,189111122,8.872258064516128
chr1,189111098,189111222,4.627741935483871
chr1,189115680,189115804,0.8303225806451613
chr1,248838078,248838202,43.08806451612906
chr2,32916363,32916487,1.538709677419355
chr2,83971243,83971367,0
chr2,89820203,89820327,0
chr2,89828823,89828947,1.392
chr2,89836453,89836577,1.695483870967742
chr2,89839613,89839737,2.0148387096774196
chr2,148881740,148881864,0
chr2,157876330,157876454,219.6239516129034
chr2,237500983,237501107,66.1961290322581
chr3,96617870,96617994,0
chr3,96618048,96618172,0
chr3,125916388,125916512,0.8470588235294118
chr3,132722463,132722587,10.103225806451613
chr3,149377693,149377817,34.78483870967743
chr3,195962335,195962459,1.2184615384615385
chr4,3814958,3815082,2.9729032258064514
chr4,3955775,3955899,9.26709677419355
chr4,8158825,8158949,223.5044354838711
chr4,8180535,8180659,6.497419354838709
chr4,8180628,8180752,8.094193548387095
chr4,8191620,8191744,20.420322580645156
chr4,9036280,9036404,0
chr4,9099123,9099247,3.04258064516129
chr4,21777053,21777177,0
chr4,24215145,24215269,9.162580645161292
chr4,24215223,24215347,8.570322580645161
chr4,28092818,28092942,124.98669354838717
chr4,28113788,28113912,1.2331034482758618
chr4,28247875,28247999,2.5083870967741935
chr4,28316380,28316504,2.0961290322580646
chr4,28444083,28444207,5.440645161290322
chr4,28444188,28444312,6.572903225806454
chr4,28466063,28466187,0
chr4,28646185,28646309,5.411612903225808
chr4,49108258,49108382,5.562580645161291
chr4,49108345,49108469,3.6406451612903226
chr4,49149718,49149842,14.554516129032258
chr4,49153180,49153304,1.5428571428571427
chr4,49709383,49709507,10.573548387096777
chr4,49710600,49710724,5.609032258064516
chr4,49711325,49711449,3.036774193548387
chr4,49711613,49711737,7.9907142857142865
chr4,51107353,51107477,1.0916129032258064
chr4,190179630,190179754,0
chr5,911838,911962,253.63491935483884
chr5,912463,912587,332.7325806451615
chr5,912718,912842,389.648790322581
chr5,912920,913044,109.35572580645166
chr5,1238283,1238407,4.767096774193548
chr5,1272708,1272832,0
chr5,1273235,1273359,0
chr5,1284608,1284732,12.663870967741937
chr5,1287340,1287464,8.657419354838709
chr5,1333295,1333419,23.69717741935484
chr5,41753448,41753572,3.692903225806452
chr5,41821010,41821134,6.1083870967741944
chr5,42064935,42065059,347.3730645161294
chr5,49601533,49601657,53.710887096774215
chr5,49601703,49601827,22.395161290322584
chr5,49601835,49601959,8.198709677419355
chr5,49602360,49602484,8.976774193548389
chr5,49658480,49658604,13.970564516129036
chr5,49658655,49658779,24.106774193548386
chr5,49661445,49661569,42.15556451612904
chr5,49661588,49661712,6.021935483870968
chr5,49661725,49661849,5.910967741935483
chr5,49666355,49666479,0
chr5,80650833,80650957,0
chr5,80651133,80651257,0
chr5,80651453,80651577,0
chr5,80651583,80651707,0
chr5,134924503,134924627,0.72
chr5,134925408,134925532,0
chr5,134925528,134925652,0
chr5,134927058,134927182,0
chr5,134927298,134927422,0
chr5,142901100,142901224,19.519677419354846
chr5,178585580,178585704,8.721290322580646
chr6,46672003,46672127,1.2648648648648648
chr6,115531303,115531427,0
chr6,170146158,170146282,1.4400000000000002
chr7,145997325,145997449,0
chr8,11026420,11026544,0
chr8,12436543,12436667,0
chr8,143219818,143219942,6.3375
chr9,76688220,76688344,226.82540322580658
chr9,84556308,84556432,2.4212903225806452
chr9,107283073,107283197,21.46677419354839
chr9,136790918,136791042,11.845161290322581
chr9,137086778,137086902,44.806774193548435
chr11,9460720,9460844,45.03322580645165
chr11,10509270,10509394,0
chr11,10509463,10509587,0
chr11,10509600,10509724,0
chr11,10509903,10510027,0
chr11,34483635,34483759,1.7419354838709677
chr11,34483703,34483827,1.0916129032258064
chr11,107561923,107562047,13.50266129032258
chr10,3240103,3240227,13.441935483870969
chr10,3242523,3242647,15.683870967741942
chr10,5108870,5108994,2.763870967741935
chr10,8248560,8248684,2.787096774193548
chr10,8364485,8364609,10.846451612903225
chr10,8407623,8407747,8.912903225806454
chr10,8443310,8443434,6.31741935483871
chr10,8796213,8796337,0.72
chr10,8814043,8814167,9.418064516129034
chr10,9407385,9407509,7.786451612903228
chr10,9407495,9407619,4.2439024390243905
chr10,10538378,10538502,7.606451612903227
chr10,10779243,10779367,8.54709677419355
chr10,10781670,10781794,9.656129032258065
chr10,10949360,10949484,6.51483870967742
chr10,12129520,12129644,147.90354838709683
chr10,12219415,12219539,0.9406451612903225
chr10,41859868,41859992,11.415483870967744
chr10,41860235,41860359,42.928548387096775
chr10,41903460,41903584,0
chr10,73811788,73811912,26.179677419354853
chr10,101818538,101818662,31.32419354838711
chr10,130496370,130496494,2.130967741935484
chr10,132364373,132364497,3.019354838709677
chr10,133689363,133689487,19.88943548387097
chr10,133689553,133689677,3.552
chr12,8243093,8243217,6.851612903225807
chr12,49741445,49741569,38.953870967741956
chr12,53379705,53379829,53.65056451612904
chr12,54993083,54993207,107.60846774193553
chr12,57615678,57615802,40.8409677419355
chr12,57615843,57615967,49.4693548387097
chr12,57623835,57623959,58.86362903225812
chr12,57630545,57630669,25.587419354838723
chr12,57631385,57631509,59.758064516129075
chr12,57693818,57693942,393.215725806452
chr12,57693970,57694094,575.5589516129035
chr12,57752408,57752532,608.153145161291
chr12,57754498,57754622,65.18000000000006
chr12,57762965,57763089,24.35645161290323
chr12,57763038,57763162,25.401612903225818
chr12,57764800,57764924,65.4864516129033
chr12,58533288,58533412,5.754193548387099
chr12,60148888,60149012,441.2356451612907
chr12,60153033,60153157,13.87330645161291
chr12,65490285,65490409,71.66927419354842
chr12,65490370,65490494,100.03064516129035
chr12,65526148,65526272,361.3662903225809
chr12,65532865,65532989,759.6335483870972
chr12,65534780,65534904,11.456129032258069
chr12,65537048,65537172,1174.077338709678
chr12,65615853,65615977,10.654838709677419
chr12,65631683,65631807,1287.103306451614
chr12,65631800,65631924,1107.8259677419367
chr12,65631845,65631969,925.0354838709684
chr12,65649170,65649294,813.5717741935489
chr12,65649303,65649427,541.659596774194
chr12,65653440,65653564,11.293548387096775
chr12,65656918,65657042,1015.0862096774204
chr12,65657093,65657217,989.7582258064523
chr12,65850985,65851109,0.9824299065420561
chr12,68686720,68686844,934.4333064516137
chr12,68686883,68687007,696.3752419354848
chr12,68688763,68688887,16.352500000000003
chr12,68690573,68690697,163.08645161290332
chr12,68697103,68697227,11.816612903225812
chr12,68701348,68701472,4.825161290322582
chr12,68727823,68727947,5.324516129032259
chr12,68746023,68746147,737.5582258064526
chr12,68747010,68747134,29.87258064516131
chr12,68750455,68750579,26.928709677419366
chr12,68762925,68763049,24.257741935483878
chr12,68765528,68765652,7.525161290322581
chr12,68778660,68778784,8.500645161290324
chr12,68782010,68782134,13.831129032258069
chr12,68783890,68784014,27.898387096774197
chr12,68785838,68785962,15.458629032258061
chr12,68793148,68793272,91.034435483871
chr12,68793318,68793442,21.952580645161294
chr12,68794953,68795077,285.2019354838711
chr12,68800198,68800322,5.336129032258064
chr12,68800290,68800414,5.707741935483872
chr12,68804808,68804932,14.43717741935485
chr12,68807975,68808099,608.6522580645164
chr12,68808155,68808279,505.9229838709684
chr12,68808800,68808924,499.35540322580675
chr12,68815600,68815724,11.729032258064523
chr12,68821300,68821424,18.97129032258065
chr12,68821430,68821554,27.677741935483887
chr12,68822045,68822169,39.90774193548391
chr12,68831383,68831507,31.213870967741943
chr12,68839130,68839254,15.20040322580645
chr12,68843563,68843687,4.790322580645162
chr12,68844943,68845067,16.146451612903228
chr12,68846995,68847119,18.460000000000008
chr12,68847245,68847369,11.520000000000001
chr12,68851345,68851469,15.384516129032262
chr12,68855908,68856032,8.0941935483871
chr12,68861055,68861179,15.66693548387097
chr12,68864000,68864124,159.9476612903226
chr12,68864830,68864954,24.095161290322586
chr12,68865395,68865519,37.69387096774197
chr12,68867940,68868064,31.190645161290334
chr12,68868105,68868229,36.64870967741938
chr12,68873365,68873489,15.43701612903226
chr12,68876835,68876959,12.945403225806453
chr12,68876945,68877069,14.590000000000002
chr12,68879108,68879232,27.39903225806453
chr12,68880583,68880707,18.1541935483871
chr12,68882598,68882722,10.725403225806456
chr12,68882918,68883042,16.367419354838713
chr12,68882988,68883112,21.482258064516127
chr12,68887630,68887754,16.546854838709685
chr12,68889665,68889789,15.540161290322581
chr12,68889915,68890039,20.94064516129033
chr12,68894035,68894159,29.21064516129034
chr12,68897798,68897922,752.9254032258068
chr12,68901768,68901892,17.541209677419364
chr12,68906110,68906234,21.865161290322586
chr12,68911343,68911467,15.893629032258065
chr12,68911483,68911607,19.14798387096775
chr12,68915500,68915624,60.42637096774198
chr12,68917103,68917227,7.6412903225806454
chr12,68933143,68933267,560.6794354838717
chr12,68933438,68933562,128.92846774193558
chr12,68938330,68938454,15.305403225806456
chr12,68945418,68945542,15.86129032258065
chr12,68952525,68952649,27.108709677419366
chr12,68962645,68962769,9.203225806451615
chr12,68962690,68962814,9.464516129032258
chr12,68962758,68962882,7.867741935483873
chr12,68972613,68972737,12.321290322580646
chr12,68974340,68974464,10.81741935483871
chr12,68983883,68984007,2.8219354838709676
chr12,68984470,68984594,12.530403225806456
chr12,68990803,68990927,10.956774193548387
chr12,68990875,68990999,14.345564516129034
chr12,68991148,68991272,7.0025806451612915
chr12,68991275,68991399,5.014736842105264
chr12,68997063,68997187,0.868235294117647
chr12,68997268,68997392,3.762580645161291
chr12,68997718,68997842,3.9483870967741943
chr12,69002480,69002604,17.555080645161294
chr12,69007693,69007817,62.55120967741941
chr12,69007793,69007917,40.341612903225816
chr12,69017645,69017769,15.784596774193554
chr12,69029155,69029279,37.281612903225835
chr12,69031943,69032067,6.137419354838712
chr12,69033460,69033584,10.556129032258065
chr12,69039550,69039674,3.145714285714286
chr12,69040848,69040972,10.579354838709678
chr12,69041053,69041177,10.0741935483871
chr12,69041638,69041762,2.3574193548387097
chr12,69041878,69042002,9.708387096774196
chr12,69042378,69042502,9.522580645161293
chr12,69047170,69047294,21.534516129032262
chr12,69047760,69047884,17.990725806451618
chr12,69051498,69051622,2.392258064516129
chr12,69053098,69053222,819.7567741935493
chr12,69053288,69053412,288.9809677419357
chr12,69066710,69066834,19.512500000000003
chr12,69066828,69066952,17.4883870967742
chr12,69071108,69071232,34.82548387096776
chr12,69086855,69086979,11.972903225806453
chr12,69088130,69088254,10.20193548387097
chr12,69089615,69089739,10.114838709677418
chr12,69123510,69123634,21.20935483870967
chr12,69225743,69225867,2.9148387096774195
chr12,69291080,69291204,198.49669354838724
chr12,69312510,69312634,16.001048387096773
chr12,69312573,69312697,17.483709677419355
chr12,69337518,69337642,7.165161290322584
chr12,69337633,69337757,5.04
chr12,69350830,69350954,7.304516129032258
chr12,69359613,69359737,364.7934677419359
chr12,69360105,69360229,532.8895161290326
chr12,69380473,69380597,12.78
chr12,69491653,69491777,6.718064516129035
chr12,70027703,70027827,3.878709677419355
chr12,70371268,70371392,17.048387096774196
chr12,70373778,70373902,7.356774193548385
chr12,70380540,70380664,7.1941935483871
chr12,70382865,70382989,3.0193548387096776
chr12,70394708,70394832,11.624516129032259
chr12,70398798,70398922,6.822580645161292
chr12,70399185,70399309,5.951612903225808
chr12,70406253,70406377,15.32435483870968
chr12,70406958,70407082,20.144677419354842
chr12,70409785,70409909,15.372903225806454
chr12,70409825,70409949,13.430725806451617
chr12,70409990,70410114,19.920322580645163
chr12,70410388,70410512,9.557419354838709
chr12,70417328,70417452,9.772258064516132
chr12,70428430,70428554,7.786451612903227
chr12,70431100,70431224,5.783225806451613
chr12,70431223,70431347,7.548387096774195
chr12,70433323,70433447,7.966451612903224
chr12,70499235,70499359,13.012500000000006
chr12,70504750,70504874,10.17870967741936
chr12,70504808,70504932,11.049677419354841
chr12,70524828,70524952,1.300645161290323
chr12,70525003,70525127,4.081935483870968
chr12,70527090,70527214,2.0670967741935478
chr12,70530430,70530554,9.905806451612905
chr12,70530763,70530887,11.531612903225808
chr12,70532645,70532769,5.550967741935484
chr12,70538103,70538227,17.628951612903226
chr12,71111383,71111507,1.7361290322580645
chr12,71212178,71212302,6.956129032258065
chr12,71237325,71237449,11.589677419354839
chr12,72979320,72979444,37.74790322580646
chr12,72980758,72980882,11.909032258064519
chr12,72982543,72982667,164.58556451612918
chr12,72984193,72984317,8.349677419354839
chr12,73831528,73831652,6.845806451612905
chr12,73832128,73832252,3.483870967741936
chr12,73833065,73833189,4.012258064516129
chr12,73833268,73833392,5.643870967741935
chr12,73833428,73833552,11.293548387096775
chr12,73833725,73833849,57.184758064516146
chr12,73834988,73835112,7.710967741935486
chr12,73836903,73837027,3.663870967741936
chr12,73845468,73845592,5.6322580645161295
chr12,73848898,73849022,8.628387096774196
chr12,73856630,73856754,1.4574193548387093
chr12,73934778,73934902,5.034193548387097
chr12,74043480,74043604,1064.087177419356
chr12,74066575,74066699,74.25927419354842
chr12,74068413,74068537,8.483225806451616
chr12,74475245,74475369,11.456129032258069
chr12,74486460,74486584,5.58
chr12,74491425,74491549,9.569032258064517
chr12,74491508,74491632,9.058064516129035
chr12,74491673,74491797,14.436854838709682
chr12,74514573,74514697,12.456612903225809
chr12,74514678,74514802,12.634838709677423
chr12,74517245,74517369,8.309032258064516
chr12,74517693,74517817,8.303225806451612
chr12,74522005,74522129,7.374193548387098
chr12,74522840,74522964,3.512903225806452
chr12,74537770,74537894,766.2032258064521
chr12,74537938,74538062,323.2906451612906
chr12,74565428,74565552,10.21935483870968
chr12,75158835,75158959,11.839354838709676
chr12,75158920,75159044,14.276290322580648
chr12,75159058,75159182,12.70572580645162
chr12,75171250,75171374,12.525887096774202
chr12,75218755,75218879,2.0612903225806454
chr12,75334453,75334577,208.66153225806457
chr12,75334505,75334629,163.02879032258073
chr12,75345118,75345242,6.28258064516129
chr12,75459958,75460082,47.14096774193548
chr12,75480715,75480839,754.4363709677425
chr12,75485385,75485509,132.7645161290323
chr12,78470475,78470599,12.192419354838709
chr12,78470540,78470664,21.07572580645162
chr12,78554785,78554909,2.723225806451613
chr12,79420208,79420332,699.2617741935491
chr12,79424185,79424309,670.1867741935484
chr12,79445293,79445417,2.130967741935484
chr12,79450498,79450622,11.468951612903227
chr12,79452110,79452234,882.7437096774202
chr12,79457745,79457869,15.017338709677421
chr12,79457993,79458117,9.708387096774198
chr12,79458988,79459112,9.853548387096772
chr12,79459795,79459919,9.580645161290322
chr12,79461103,79461227,9.540000000000001
chr12,79461220,79461344,8.49483870967742
chr12,79461375,79461499,9.029032258064516
chr12,79461540,79461664,12.899596774193558
chr12,79461860,79461984,16.877741935483876
chr12,79464898,79465022,17.37701612903226
chr12,79465758,79465882,22.521612903225808
chr12,79465960,79466084,20.22225806451613
chr12,79469105,79469229,12.800564516129032
chr12,79473333,79473457,11.83443548387097
chr12,79473858,79473982,16.05322580645161
chr12,79475395,79475519,14.030161290322583
chr12,79479413,79479537,12.21209677419355
chr12,79479508,79479632,15.53975806451613
chr12,79480220,79480344,11.388145161290327
chr12,79480315,79480439,14.489999999999998
chr12,83161685,83161809,176.32322580645163
chr12,83177575,83177699,0.72
chr12,83188748,83188872,11.17395161290323
chr12,83195748,83195872,2.088
chr12,83563258,83563382,2.781290322580645
chr12,83564958,83565082,4.68
chr12,83608473,83608597,5.690322580645161
chr12,83656903,83657027,4.569677419354839
chr12,83700088,83700212,4.732258064516128
chr12,83743978,83744102,6.259354838709678
chr12,83811768,83811892,3.576774193548387
chr12,83860535,83860659,10.602580645161293
chr12,83866013,83866137,9.750967741935487
chr12,83881660,83881784,4.761290322580646
chr12,83890375,83890499,1.5270967741935486
chr12,83992020,83992144,4.349032258064516
chr12,83996765,83996889,48.681370967741955
chr12,84011928,84012052,6.950322580645163
chr12,84148635,84148759,1.4516129032258065
chr12,92457603,92457727,33.32161290322583
chr12,92461518,92461642,7.292903225806453
chr12,92528325,92528449,11.613387096774195
chr12,92530818,92530942,18.666129032258073
chr12,92538793,92538917,13.075645161290325
chr12,92548513,92548637,12.919596774193552
chr12,92552810,92552934,30.73774193548388
chr12,92560828,92560952,12.02080645161291
chr12,92565663,92565787,5.318709677419355
chr12,92566558,92566682,5.876129032258064
chr12,92612013,92612137,5.847096774193549
chr12,92615743,92615867,6.816774193548388
chr12,92640908,92641032,9.70233870967742
chr12,92647175,92647299,9.42967741935484
chr12,92659285,92659409,4.145806451612903
chr12,92660195,92660319,5.7367741935483885
chr12,92671430,92671554,1.5793548387096774
chr12,92760013,92760137,847.1016129032265
chr12,94989425,94989549,2.1658064516129034
chr12,95055585,95055709,5.655483870967743
chr12,95060408,95060532,3.12406779661017
chr12,95061870,95061994,25.906774193548394
chr12,95078778,95078902,2.850967741935484
chr12,95103240,95103364,1150.137822580646
chr12,95112538,95112662,5.977822580645162
chr12,95112610,95112734,9.30491935483871
chr12,95118555,95118679,331.38193548387125
chr12,95120438,95120562,1.2354545454545454
chr12,95128713,95128837,12.592580645161293
chr12,95158460,95158584,14.729354838709682
chr12,95180393,95180517,13.93387096774194
chr12,95182878,95183002,138.5789516129033
chr12,95183360,95183484,25.976451612903237
chr12,95192110,95192234,6.495161290322583
chr12,95204438,95204562,664.4683064516137
chr12,95204665,95204789,253.96919354838727
chr12,95205735,95205859,466.6754838709681
chr12,95217573,95217697,1638.4066129032267
chr12,122226143,122226267,33.46814516129034
chr13,69235785,69235909,8.105806451612905
chr13,69247610,69247734,8.210322580645162
chr13,69249773,69249897,5.034193548387096
chr13,73597993,73598117,43.749596774193556
chr13,73598150,73598274,200.56266129032264
chr13,73608835,73608959,3.2632258064516138
chr13,73653585,73653709,5.957419354838709
chr13,73676800,73676924,19.194677419354843
chr13,73752985,73753109,3.9948387096774196
chr13,74280870,74280994,6.433548387096774
chr13,74321418,74321542,8.152258064516129
chr13,74321578,74321702,7.966451612903225
chr13,74321663,74321787,11.48516129032258
chr13,74321740,74321864,15.741290322580648
chr13,75549295,75549419,145.4750000000001
chr13,75549423,75549547,150.33709677419364
chr13,90351030,90351154,3.25741935483871
chr13,109424175,109424299,0
chr14,32485018,32485142,0.72
chr14,104752823,104752947,46.438387096774214
chr15,84912403,84912527,815.31370967742
chr15,84912563,84912687,413.35177419354864
chr15,90869803,90869927,181.88032258064536
chr15,91039910,91040034,3.0948387096774197
chr15,91456358,91456482,435.6011290322583
chr15,91783550,91783674,8.523870967741935
chr15,91942370,91942494,1.753548387096774
chr15,92021050,92021174,16.16991935483871
chr15,92060035,92060159,5.887741935483872
chr15,92127905,92128029,9.000000000000002
chr15,92504405,92504529,3.2922580645161297
chr15,92803985,92804109,475.57629032258126
chr15,92804123,92804247,445.78830645161344
chr15,92804195,92804319,343.390725806452
chr15,95749213,95749337,2.1716129032258062
chr15,98308220,98308344,9.749032258064517
chr15,98457478,98457602,10.730322580645163
chr15,98457543,98457667,12.588387096774197
chr15,98507795,98507919,13.604516129032255
chr15,98548275,98548399,436.58217741935516
chr15,98574060,98574184,8.756129032258064
chr15,98757590,98757714,1.118677685950413
chr15,98897068,98897192,561.8754838709682
chr15,98897188,98897312,359.1814516129035
chr15,98938223,98938347,4.906451612903225
chr15,98945990,98946114,17.744758064516127
chr15,98946043,98946167,16.955080645161296
chr15,99123803,99123927,743.6959677419366
chr15,99249515,99249639,256.0114516129035
chr15,99251218,99251342,359.4590322580648
chr15,99251293,99251417,317.5667741935485
chr15,99347725,99347849,4.186451612903227
chr15,100496990,100497114,3.2806451612903227
chr15,100559325,100559449,551.5723387096776
chr15,100559400,100559524,739.1720967741943
chr15,100567100,100567224,9.37741935483871
chr15,100582415,100582539,0
chr15,100582598,100582722,0.72
chr15,100593120,100593244,213.2640322580646
chr15,100593208,100593332,78.89419354838715
chr15,100602365,100602489,775.6512096774196
chr15,100616763,100616887,10.341290322580646
chr16,352740,352864,4.9296774193548405
chr16,1025338,1025462,4.3432258064516125
chr16,2882693,2882817,50.67709677419358
chr16,2905568,2905692,8.785161290322582
chr16,22190560,22190684,34.053225806451636
chr16,22190658,22190782,35.50483870967742
chr16,22190868,22190992,28.994919354838718
chr16,34581498,34581622,3.7219354838709684
chr16,34583080,34583204,0.72
chr16,34583310,34583434,2.0781818181818186
chr16,34586548,34586672,0
chr16,34593445,34593569,1.5619354838709678
chr16,46386358,46386482,6.416129032258065
chr16,46387615,46387739,1.44
chr16,46388675,46388799,2.0903225806451613
chr16,46389298,46389422,0.72
chr16,46389975,46390099,0.7200000000000001
chr16,46390138,46390262,0.72
chr16,46390448,46390572,25.978064516129045
chr16,46390585,46390709,37.67064516129033
chr16,46394485,46394609,8.814193548387099
chr16,46400045,46400169,0
chr16,46400205,46400329,0
chr16,46400310,46400434,0.72
chr16,46401403,46401527,2.6599999999999997
chr16,56218893,56219017,5.562580645161291
chr16,56222418,56222542,16.565806451612904
chr16,56226240,56226364,39.0177419354839
chr16,56245315,56245439,471.23193548387115
chr16,56246163,56246287,953.8825806451624
chr16,56248348,56248472,10.492258064516127
chr16,62805303,62805427,566.1708870967744
chr16,62814623,62814747,3.466451612903226
chr16,62973200,62973324,7.136129032258065
chr16,87391998,87392122,9.57483870967742
chr17,16438800,16438924,25.319193548387105
chr17,22521330,22521454,10.596774193548388
chr17,28951703,28951827,18.52475806451613
chr17,43251635,43251759,1.4574193548387095
chr17,45093008,45093132,104.28161290322586
chr17,47649610,47649734,101.17298387096781
chr17,47895845,47895969,78.31411290322583
chr17,48892508,48892632,60.37403225806455
chr17,59155433,59155557,82.62508064516132
chr17,74873173,74873297,44.67322580645163
chr17,80497973,80498097,2.4735483870967743
chr18,107890,108014,0.72
chr18,108145,108269,0.748421052631579
chr18,108388,108512,0
chr18,110290,110414,0
chr18,110648,110772,1.3739449541284403
chr18,11981108,11981232,33.001451612903246
chr18,47853270,47853394,0.72
chr18,79200678,79200802,11.978709677419355
chr20,1325283,1325407,147.6425806451614
chr20,1470278,1470402,878.0891129032264
chr20,14430645,14430769,5.754193548387097
chr20,14434550,14434674,112.74758064516136
chr20,14470620,14470744,7.978064516129034
chr20,14470743,14470867,3.8526315789473693
chr20,14474393,14474517,3.1645161290322577
chr20,14476905,14477029,17.648629032258075
chr20,14488315,14488439,31.498387096774206
chr20,14491413,14491537,3.3561290322580644
chr20,14496553,14496677,8.663225806451617
chr20,14496695,14496819,11.24129032258065
chr20,14498975,14499099,36.82290322580646
chr20,14499950,14500074,21.792258064516137
chr20,14503350,14503474,26.859032258064527
chr20,14505698,14505822,5.179354838709676
chr20,14506008,14506132,18.027338709677423
chr20,14512538,14512662,15.241935483870972
chr20,14515463,14515587,10.289032258064521
chr20,14517393,14517517,0.72
chr20,14524548,14524672,15.8016935483871
chr20,14529548,14529672,18.13161290322581
chr20,14529670,14529794,16.335322580645162
chr20,14531300,14531424,21.15524193548388
chr20,14531393,14531517,23.47387096774194
chr20,14531695,14531819,12.658064516129038
chr20,14531748,14531872,10.666451612903229
chr20,14531795,14531919,9.458709677419355
chr20,14532063,14532187,6.660000000000001
chr20,14533745,14533869,4.645161290322579
chr20,14533793,14533917,5.68451612903226
chr20,14534963,14535087,8.756129032258064
chr20,14535723,14535847,12.62322580645162
chr20,14536393,14536517,12.855483870967744
chr20,14537030,14537154,50.148709677419376
chr20,14537113,14537237,52.84290322580649
chr20,14538053,14538177,9.963870967741938
chr20,14538165,14538289,18.637500000000003
chr20,14538325,14538449,25.686129032258073
chr20,14538500,14538624,34.906774193548415
chr20,14538723,14538847,27.828709677419358
chr20,14543110,14543234,55.86129032258067
chr20,14543200,14543324,63.452661290322624
chr20,14544938,14545062,23.838225806451618
chr20,14545153,14545277,23.636048387096775
chr20,14552828,14552952,34.67862903225807
chr20,14553480,14553604,13.79185483870968
chr20,14558843,14558967,6.300000000000001
chr20,14573150,14573274,5.1329032258064515
chr20,14580565,14580689,29.988709677419365
chr20,14595398,14595522,10.399354838709677
chr20,14605985,14606109,0.9131707317073171
chr20,14609538,14609662,5.934193548387096
chr20,14617720,14617844,4.941290322580646
chr19,4471890,4472014,75.18451612903233
chr19,4471975,4472099,68.31830645161294
chr19,5904420,5904544,67.21629032258066
chr19,5904515,5904639,63.60362903225809
chr19,8525853,8525977,43.18677419354841
chr19,14006365,14006489,38.175806451612914
chr19,18522323,18522447,33.6293548387097
chr19,44890928,44891052,51.26935483870973
chr19,44891023,44891147,49.73661290322584
chr19,44891150,44891274,21.43096774193549
chr19,52189755,52189879,74.39475806451618
chr22,11212985,11213109,0
chr21,7258725,7258849,1.5851612903225805
chr21,8207448,8207572,0
chr21,8214255,8214379,0
chr21,26140360,26140484,500.60798387096804
chr21,26141878,26142002,16.89274193548387
chr21,26423663,26423787,2.723225806451613
chr21,26634340,26634464,3.483870967741936
chr21,29583615,29583739,0.72
chr21,33753353,33753477,0.72
chr21,36156595,36156719,4.906451612903226
chr21,41012698,41012822,7.05483870967742
chr21,41337600,41337724,3.1877419354838716
chr21,41588618,41588742,0.72
chr21,41672653,41672777,12.33870967741936
